#YY  MM DD hh mm WDIR WSPD GST  WVHT   DPD   APD MWD   PRES  ATMP  WTMP  DEWP  VIS PTDY  TIDE
#yr  mo dy hr mn degT m/s  m/s     m   sec   sec degT   hPa  degC  degC  degC  nmi  hPa    ft
2023 09 28 20 00  40  6.0  7.0   0.8    13    MM  40 1008.2  30.0  30.4    MM   MM -1.2    MM
2023 09 28 19 00  30  6.0  7.0   0.8    13    MM  49 1008.1  30.0  30.5    MM   MM -1.8    MM
2023 09 28 18 00  40  6.0  7.0   0.8    13    MM  43 1008.7  30.0  30.4    MM   MM   MM    MM
2023 09 28 17 00  40  6.0  7.0   0.8    13    MM  48 1009.4  29.9  30.3    MM   MM   MM    MM
2023 09 28 16 00  40  5.0  6.0   0.8    13    MM  49 1009.9  29.8  30.3    MM   MM   MM    MM
2023 09 28 12 00  40  4.0  6.0   0.8    14    MM  36 1010.0  29.4    MM    MM   MM +1.2    MM
2023 09 28 10 00  50  6.0  7.0   0.8    13    MM  35 1009.3  29.4  30.2    MM   MM +0.3    MM
2023 09 28 09 00  50  6.0  7.0   0.9    14    MM  37 1008.8  29.3  30.2    MM   MM   MM    MM
2023 09 28 07 00  50  5.0  6.0   0.8    13    MM  42 1009.0  29.3  30.1    MM   MM -1.0    MM
2023 09 28 05 00  50  6.0  7.0   0.8    14    MM  48 1009.8  29.5  30.1    MM   MM   MM    MM
2023 09 28 04 00  50  6.0  7.0   0.9    14    MM  48 1010.0  29.5    MM    MM   MM +0.0    MM
2023 09 28 03 00  50  5.0  7.0   0.9    13    MM  51 1010.3  29.6  30.1    MM   MM +0.8    MM
2023 09 28 01 00  50  5.0  7.0   0.8    14    MM  52 1010.2  29.7  30.1    MM   MM +0.7    MM
2023 09 28 00 00  60  7.0  8.0   0.9    14    MM  47 1009.5  29.7  30.1    MM   MM +0.0    MM
2023 09 27 22 00  60  5.0  6.0   1.0    13    MM  53 1009.5  29.8  30.2    MM   MM +0.5    MM
2023 09 27 21 00  70  6.0  8.0   1.0    14    MM  56 1009.3  29.9  30.2    MM   MM -0.0    MM
2023 09 27 20 00  50  7.0  8.0   0.9    14    MM  57 1009.3  29.8  30.2    MM   MM   MM    MM
2023 09 27 19 00  50  7.0  9.0   1.0    13    MM  59 1009.0  29.9  30.2    MM   MM -1.7    MM
2023 09 27 18 00  60  7.0  9.0   1.0    13    MM  59 1009.3  30.0    MM    MM   MM -1.9    MM
2023 09 27 16 00  50  7.0  8.0   0.9     5    MM  63 1010.7  29.9  30.2    MM   MM -0.5    MM
2023 09 27 15 00  60  6.0  7.0   0.9     6    MM  60 1011.2  29.8  30.2    MM   MM   MM    MM
2023 09 27 14 00  60  7.0  8.0   1.0    13    MM  55 1011.6  29.9  30.1    MM   MM +1.0    MM
2023 09 27 13 00  60  6.0  9.0   1.0    13    MM  44 1011.2  29.9  30.1    MM   MM   MM    MM
2023 09 27 11 00  60  8.0  9.0   1.0     6    MM  46 1010.6  28.5  30.2    MM   MM   MM    MM
2023 09 27 09 00  40  6.0  7.0   1.1    13    MM  38 1009.8  28.6  30.2    MM   MM -0.8    MM
2023 09 27 07 00  60  6.0  7.0   1.0    13    MM  45 1010.0  29.4  30.2    MM   MM   MM    MM
2023 09 27 06 00  50  7.0  8.0   1.0    15    MM  46 1010.6  29.3  30.1    MM   MM -1.7    MM
2023 09 27 05 00  40  6.0  8.0   0.9    13    MM  45 1011.3  29.2  30.2    MM   MM -1.2    MM
2023 09 27 03 00  50  6.0  8.0   0.9    14    MM  44 1012.3  29.6  30.2    MM   MM +0.0    MM
2023 09 27 02 00  50  7.0  8.0   0.9    13    MM  46 1012.5  29.6    MM    MM   MM +0.4    MM
2023 09 27 01 00  60  7.0  8.0   0.9    13    MM  45 1012.5  29.7  30.2    MM   MM +0.7    MM
2023 09 27 00 00  50  7.0  9.0   0.9    14    MM  46 1012.1  29.7  30.2    MM   MM +0.0    MM
2023 09 26 22 00  50  7.0  8.0   0.9    13    MM  40 1011.8  29.8  30.3    MM   MM +0.3    MM
2023 09 26 21 00  50  6.0  7.0   0.9    13    MM  46 1011.9  30.0  30.4    MM   MM -0.0    MM
2023 09 26 20 00  40  6.0  8.0   0.9    14    MM  50 1011.7  30.0  30.4    MM   MM   MM    MM
2023 09 26 19 00  40  7.0  8.0   0.9    13    MM  52 1011.5  29.9  30.4    MM   MM -1.5    MM
2023 09 26 18 00  40  6.0  7.0   0.9    14    MM  58 1011.8  29.8  30.4    MM   MM -2.0    MM
2023 09 26 16 00  50  6.0  7.0   0.9    14    MM  57 1013.0  29.9  30.3    MM   MM -1.1    MM
2023 09 26 15 00  50  6.0  7.0   0.8    14    MM  56 1013.8  30.0  30.3    MM   MM +0.3    MM
2023 09 26 14 00  70  5.0  7.0   0.9    13    MM  57 1014.2  30.1    MM    MM   MM +1.2    MM
2023 09 26 13 00  60  6.0  7.0   0.8    13    MM  53 1014.1  29.9  30.2    MM   MM +1.5    MM
2023 09 26 12 00  70  6.0  7.0   0.8    13    MM  50 1013.5  29.7  30.2    MM   MM +1.1    MM
2023 09 26 11 00  80  6.0  7.0   0.9    14    MM  49 1013.0  29.6    MM    MM   MM +1.0    MM
2023 09 26 10 00  70  5.0  7.0   0.8    13    MM  49 1012.6  29.3  30.2    MM   MM +0.3    MM
2023 09 26 09 00  70  6.0  7.0   0.9    14    MM  47 1012.4  29.4  30.2    MM   MM -0.0    MM
2023 09 26 08 00  70  6.0  8.0   0.9    14    MM  49 1012.0  29.3    MM    MM   MM -1.6    MM
2023 09 26 07 00  70  6.0  7.0   0.9    14    MM  50 1012.3  29.3  30.2    MM   MM -2.2    MM
2023 09 26 06 00  70  6.0  8.0   0.9    14    MM  50 1012.6  29.4    MM    MM   MM -2.4    MM
2023 09 26 05 00  70  5.0  7.0   0.8    15    MM  54 1013.6  29.5  30.2    MM   MM -1.6    MM
2023 09 26 04 00  80  5.0  6.0   0.9    15    MM  52 1014.5  29.6  30.2    MM   MM -0.4    MM
2023 09 26 03 00  70  6.0  8.0   0.8    13    MM  61 1015.0  29.7    MM    MM   MM +1.1    MM
2023 09 26 02 00  70  4.0  6.0   0.9    11    MM  61 1015.2  29.7  30.3    MM   MM +1.9    MM
2023 09 26 01 00  70  5.0  6.0   0.9    13    MM  56 1014.9  30.0  30.3    MM   MM +1.7    MM
2023 09 26 00 00  90  6.0  7.0   1.0     4    MM  73 1013.9  30.0  30.4    MM   MM +0.7    MM
2023 09 25 22 00  50  4.0  5.0   0.9    13    MM  57 1013.2  28.9    MM    MM   MM +0.8    MM
2023 09 25 21 00 100  5.0  6.0   0.8    13    MM  60 1013.2  30.2  30.4    MM   MM -0.0    MM
2023 09 25 20 00  70  5.0  7.0   1.0    11    MM  53 1012.7  29.8  30.5    MM   MM -0.8    MM
2023 09 25 19 00 100  7.0  8.0   1.0    11    MM  68 1012.4  30.0  30.5    MM   MM -1.6    MM
2023 09 25 18 00 100  6.0  8.0   0.9    11    MM  56 1013.0  30.0  30.6    MM   MM -1.4    MM
2023 09 25 17 00 100  6.0  7.0   0.9    14    MM  62 1013.5  30.1  30.6    MM   MM -1.0    MM
2023 09 25 16 00 100  4.0  6.0   0.9    14    MM  51 1014.0  30.2    MM    MM   MM -0.5    MM
2023 09 25 15 00 110  5.0  6.0   0.8    13    MM  46 1014.4  30.0  30.5    MM   MM   MM    MM
2023 09 25 14 00  80  5.0  6.0   0.9    15    MM  55 1014.5  30.0  30.4    MM   MM +0.7    MM
2023 09 25 13 00  90  5.0  6.0   0.8    14    MM  55 1014.5  30.0  30.4    MM   MM +1.2    MM
2023 09 25 11 00  90  5.0  7.0   0.9    13    MM  55 1013.8  28.6  30.3    MM   MM +1.0    MM
2023 09 25 10 00 110  3.0  5.0   0.9    14    MM  51 1013.3  28.9  30.3    MM   MM +0.3    MM
2023 09 25 08 00  90  6.0  8.0   0.9    14    MM  49 1012.8  29.3    MM    MM   MM -0.9    MM
2023 09 25 07 00 110  6.0  7.0   0.8    14    MM  47 1013.0  29.1    MM    MM   MM -1.3    MM
2023 09 25 05 00  80  5.0  6.0   0.9    14    MM  50 1013.7  29.6  30.3    MM   MM -1.1    MM
2023 09 25 04 00  80  5.0  7.0   0.9    15    MM  48 1014.3  29.7  30.4    MM   MM   MM    MM
2023 09 25 03 00  MM   MM   MM   0.9    14    MM  56     MM    MM    MM    MM   MM   MM    MM
2023 09 25 02 00 100  7.0  8.0   0.9    14    MM  51 1014.8  30.1  30.4    MM   MM +1.5    MM
2023 09 25 01 00  MM   MM   MM   0.9    14    MM  54     MM    MM  30.4    MM   MM   MM    MM
2023 09 24 21 00 100  5.0  6.0   0.9    14    MM  56 1012.3  30.0  30.5    MM   MM   MM    MM
2023 09 24 20 00 140  5.0  7.0   1.0    10    MM  52 1012.1  29.5  30.5    MM   MM -0.8    MM
2023 09 24 19 00 110  6.0  8.0   1.0    15    MM  57 1012.3  30.0  30.5    MM   MM   MM    MM
2023 09 24 17 00 100  7.0  8.0   1.0    12    MM  63 1012.9  30.1  30.5    MM   MM   MM    MM
2023 09 24 15 00  MM   MM   MM   2.3    23    MM 355     MM    MM    MM    MM   MM   MM    MM
2023 09 24 13 00 100  7.0  9.0   1.1    15    MM  70 1013.6  29.9  30.4    MM   MM +2.0    MM
2023 09 24 11 00 100  8.0 12.0   1.0    13    MM  59 1012.4  29.1  30.3    MM   MM +1.0    MM
2023 09 24 10 00 110  7.0  8.0   1.0    14    MM  60 1011.6  29.6  30.3    MM   MM +0.3    MM
2023 09 24 09 00 110  7.0  9.0   1.0    15    MM  48 1011.2  29.7  30.3    MM   MM +0.0    MM
2023 09 24 08 00 100  6.0  8.0   1.0    15    MM  43 1011.4  29.8  30.4    MM   MM -0.9    MM
2023 09 24 07 00 100  6.0  7.0   1.0    15    MM  42 1011.3  29.7  30.4    MM   MM -1.4    MM
2023 09 24 06 00 110  7.0  8.0   0.9    15    MM  44 1011.2  29.7    MM    MM   MM -1.4    MM
2023 09 24 05 00 110  6.0  8.0   0.9    15    MM  40 1012.3  29.7  30.4    MM   MM -0.3    MM
2023 09 24 04 00 100  6.0  7.0   0.9     9    MM  39 1012.7  29.8  30.4    MM   MM +0.0    MM
2023 09 24 03 00 100  6.0  8.0   0.9    17    MM  39 1012.6  29.9  30.4    MM   MM +0.5    MM
2023 09 24 02 00 100  6.0  7.0   1.0    10    MM  36 1012.6  29.8  30.5    MM   MM   MM    MM
2023 09 24 01 00 110  3.0  5.0   0.9    17    MM  41 1012.6  29.5  30.5    MM   MM +1.8    MM
2023 09 24 00 00 130  5.0  6.0   0.9    10    MM  41 1012.1  29.1  30.5    MM   MM +1.8    MM
2023 09 23 22 00 100  4.0  5.0   0.9    10    MM  45 1010.8  29.5  30.6    MM   MM +0.7    MM
2023 09 23 21 00 110  5.0  6.0   0.9    13    MM  47 1010.3  29.8  30.6    MM   MM   MM    MM
2023 09 23 20 00 110  5.0  6.0   0.9    10    MM  48 1010.1  29.8  30.6    MM   MM -0.8    MM
2023 09 23 19 00 110  7.0  9.0   1.0    10    MM  53 1010.1  29.1  30.6    MM   MM -1.3    MM
2023 09 23 18 00  MM   MM   MM   0.9    10    MM  54     MM    MM  30.6    MM   MM   MM    MM
2023 09 23 17 00 140  6.0  7.0   1.0    11    MM  55 1010.9  29.2  30.5    MM   MM -1.4    MM
2023 09 23 16 00 110  7.0  9.0   1.0    14    MM  54 1011.4  30.1  30.5    MM   MM -0.8    MM
2023 09 23 15 00 100  7.0  9.0   1.0    14    MM  59 1012.0  29.9  30.5    MM   MM +0.6    MM
2023 09 23 14 00 100  6.0  9.0   1.0    14    MM  66 1012.3  29.4  30.5    MM   MM +1.3    MM
2023 09 23 13 00  90  6.0  8.0   1.0    11    MM  57 1012.2  30.0  30.5    MM   MM +2.0    MM
2023 09 23 12 00  80  4.0  5.0   1.0    14    MM  55 1011.4  29.7    MM    MM   MM +1.5    MM
2023 09 23 11 00  70  5.0  6.0   0.9    14    MM  61 1011.0  29.5  30.5    MM   MM   MM    MM
2023 09 23 10 00  80  5.0  6.0   0.9    14    MM  58 1010.2  29.3    MM    MM   MM +0.5    MM
2023 09 23 09 00  70  5.0  6.0   0.9    14    MM  50 1009.9  29.1  30.5    MM   MM +0.0    MM
2023 09 23 08 00  MM   MM   MM   0.9    11    MM  51     MM    MM  30.5    MM   MM   MM    MM
2023 09 23 07 00  70  5.0  6.0   1.0    15    MM  49 1009.7  29.2  30.5    MM   MM -1.5    MM
2023 09 23 06 00  80  6.0  7.0   1.0    10    MM  50 1010.1  29.5  30.5    MM   MM -1.6    MM
2023 09 23 05 00  60  5.0  6.0   1.0    15    MM  50 1010.6  29.4  30.5    MM   MM -1.0    MM
2023 09 23 04 00 100  5.0  7.0   0.9    15    MM  51 1011.2  29.4  30.5    MM   MM +0.0    MM
2023 09 23 03 00  70  5.0  6.0   1.0    10    MM  50 1011.7  29.7  30.5    MM   MM +1.1    MM
2023 09 23 02 00  80  6.0  7.0   1.0    10    MM  56 1011.6  29.8  30.5    MM   MM +1.6    MM
2023 09 23 01 00  80  6.0  8.0   0.9    15    MM  59 1011.4  29.9  30.5    MM   MM   MM    MM
2023 09 23 00 00  80  6.0  8.0   1.0    15    MM  60 1010.6  30.1  30.5    MM   MM +0.9    MM
2023 09 22 21 00 100  7.0  8.0   1.0     5    MM  61 1009.7  30.0  30.6    MM   MM -0.6    MM
2023 09 22 20 00  60  6.0  8.0   0.9    11    MM  53 1010.0  29.3  30.6    MM   MM -1.1    MM
2023 09 22 19 00  60  6.0  7.0   1.1     9    MM  57 1010.0  29.5    MM    MM   MM -1.7    MM
2023 09 22 18 00 100  6.0  8.0   1.0    10    MM  62 1010.3  29.9  30.6    MM   MM -2.0    MM
2023 09 22 17 00 110  6.0  8.0   1.0    11    MM  54 1011.1  30.0  30.6    MM   MM -1.3    MM
2023 09 22 16 00 100  6.0  7.0   1.0    10    MM  53 1011.7  29.9  30.6    MM   MM -0.4    MM
2023 09 22 15 00 100  6.0  8.0   1.0     6    MM  61 1012.3  30.0  30.5    MM   MM   MM    MM
2023 09 22 14 00  90  6.0  7.0   1.0    10    MM  54 1012.4  29.9  30.4    MM   MM   MM    MM
2023 09 22 13 00  80  6.0  7.0   1.0    15    MM  53 1012.1  29.7    MM    MM   MM +1.3    MM
2023 09 22 10 00  80  6.0  7.0   0.9    15    MM  43 1010.8  29.4  30.3    MM   MM +0.4    MM
2023 09 22 09 00 110  6.0  7.0   0.9    11    MM  48 1010.5  28.6  30.3    MM   MM   MM    MM
2023 09 22 08 00  70  5.0  6.0   0.9    11    MM  41 1010.3  29.2  30.4    MM   MM   MM    MM
2023 09 22 07 00  70  5.0  6.0   1.0    11    MM  40 1010.4  29.3  30.3    MM   MM -0.8    MM
2023 09 22 04 00  60  5.0  6.0   0.9    11    MM  38 1011.2  29.4  30.4    MM   MM -0.7    MM
2023 09 22 03 00  90  6.0  6.0   0.9    17    MM  42 1011.6  29.6    MM    MM   MM +0.4    MM
2023 09 22 02 00  90  6.0  7.0   0.9    12    MM  42 1011.8  29.9  30.4    MM   MM +0.5    MM
2023 09 22 01 00  90  6.0  7.0   0.8    11    MM  46 1011.9  29.9  30.4    MM   MM +0.9    MM
2023 09 22 00 00  80  5.0  6.0   0.9    11    MM  47 1011.2  29.4  30.5    MM   MM +0.6    MM
2023 09 21 22 00  60  5.0  6.0   0.9    12    MM  44 1011.0  29.4  30.5    MM   MM +0.8    MM
2023 09 21 21 00  50  6.0  7.0   0.9    11    MM  44 1010.6  29.5  30.6    MM   MM -0.6    MM
2023 09 21 19 00  60  5.0  6.0   1.0    11    MM  47 1010.2  29.5  30.6    MM   MM   MM    MM
2023 09 21 18 00 100  5.0  7.0   0.9    11    MM  46 1011.2  30.1  30.6    MM   MM -1.7    MM
2023 09 21 17 00 100  5.0  7.0   0.9    11    MM  50 1011.9  30.0  30.6    MM   MM -1.2    MM
2023 09 21 15 00 100  7.0  8.0   1.0    10    MM  46 1012.9  29.7    MM    MM   MM   MM    MM
2023 09 21 14 00 110  6.0  8.0   0.9    11    MM  52 1013.1  30.0  30.4    MM   MM +1.1    MM
2023 09 21 13 00 100  6.0  9.0   1.0    11    MM  54 1012.8  29.7    MM    MM   MM +1.3    MM
2023 09 21 11 00  80  6.0  9.0   0.8    11    MM  59 1012.0  29.0  30.3    MM   MM +1.1    MM
2023 09 21 10 00  80  4.0  5.0   0.9    12    MM  59 1011.5  29.5  30.4    MM   MM +0.6    MM
2023 09 21 09 00  70  4.0  5.0   0.8    11    MM  53 1011.0  29.2  30.4    MM   MM   MM    MM
2023 09 21 08 00  70  4.0  5.0   0.8    11    MM  50 1010.9  29.3  30.4    MM   MM -0.9    MM
2023 09 21 07 00  70  4.0  5.0   0.8    12    MM  53 1010.9  29.2  30.4    MM   MM -1.4    MM
2023 09 21 05 00  70  4.0  5.0   0.9    11    MM  42 1011.8  29.5  30.4    MM   MM -0.8    MM
2023 09 21 04 00 100  6.0  7.0   1.0    12    MM  37 1012.3  29.8  30.4    MM   MM +0.0    MM
2023 09 21 03 00  90  5.0  7.0   0.9    10    MM  41 1012.7  29.7  30.4    MM   MM +1.1    MM
2023 09 21 02 00  80  5.0  7.0   0.9    11    MM  38 1012.6  29.8  30.5    MM   MM +1.5    MM
2023 09 21 01 00  70  6.0  7.0   0.9    11    MM  37 1012.3  29.8  30.5    MM   MM +1.5    MM
2023 09 21 00 00  50  6.0  9.0   0.9    12    MM  37 1011.6  28.4  30.6    MM   MM +0.5    MM
2023 09 20 22 00  70  4.0  5.0   0.8    12    MM  39 1010.8  29.8  30.7    MM   MM   MM    MM
2023 09 20 21 00  50  5.0  6.0   0.9    12    MM  35 1011.1  29.9  30.7    MM   MM -0.4    MM
2023 09 20 20 00  90  5.0  6.0   0.9    12    MM  30 1011.1  30.1  30.7    MM   MM -1.2    MM
2023 09 20 18 00  90  4.0  6.0   0.8    13    MM  24 1011.5  29.9  30.8    MM   MM -1.8    MM
2023 09 20 17 00  90  4.0  5.0   0.9    13    MM  25 1012.3  29.8  30.7    MM   MM -1.0    MM
2023 09 20 16 00 100  4.0  6.0   0.8    13    MM  24 1012.9  29.8  30.6    MM   MM +0.0    MM
2023 09 20 15 00  90  4.0  5.0   0.9    13    MM  17 1013.3  29.7  30.6    MM   MM +0.7    MM
2023 09 20 14 00  60  5.0  6.0   0.9    13    MM  23 1013.3  28.9  30.5    MM   MM +1.0    MM
2023 09 20 13 00  80  2.0  3.0   1.0    13    MM  17 1013.0  29.6  30.4    MM   MM +1.0    MM
2023 09 20 12 00  70  2.0  3.0   1.0    13    MM  20 1012.6  29.5  30.3    MM   MM +0.6    MM
2023 09 20 11 00  70  3.0  4.0   1.0    10    MM  20 1012.3  29.1  30.3    MM   MM +0.6    MM
2023 09 20 10 00  80  3.0  4.0   1.0    13    MM  22 1012.0  28.6  30.3    MM   MM -0.0    MM
2023 09 20 09 00  MM  0.0  1.0   1.2    11    MM  22 1012.0  28.5  30.3    MM   MM -0.6    MM
2023 09 20 08 00  60  3.0  4.0   0.9    11    MM  21 1011.7  29.0    MM    MM   MM   MM    MM
2023 09 20 07 00  60  3.0  4.0   1.1    12    MM  21 1012.0  29.1  30.4    MM   MM -1.3    MM
2023 09 20 06 00  80  3.0  4.0   1.1    11    MM  20 1012.6  29.2  30.4    MM   MM -0.9    MM
2023 09 20 04 00  90  4.0  5.0   1.3    12    MM  16 1013.3  29.4  30.4    MM   MM +0.3    MM
2023 09 20 03 00  80  4.0  5.0   1.2    11    MM  21 1013.5  29.4    MM    MM   MM +1.2    MM
2023 09 20 02 00  70  4.0  5.0   1.1    13    MM  21 1013.5  29.5  30.4    MM   MM +1.8    MM
2023 09 20 01 00  60  4.0  5.0   1.0    11    MM  17 1013.0  29.5  30.4    MM   MM +1.6    MM
2023 09 20 00 00  60  3.0  4.0   1.0    13    MM  21 1012.3  29.2  30.5    MM   MM +1.1    MM
2023 09 19 22 00  50  5.0  7.0   1.1    12    MM  19 1011.4  29.2  30.6    MM   MM +0.4    MM
2023 09 19 21 00  90  5.0  7.0   1.0    12    MM  23 1011.2  29.1  30.7    MM   MM -0.0    MM
2023 09 19 20 00  30  5.0  6.0   0.9    12    MM  20 1010.9  29.8  30.8    MM   MM -1.0    MM
2023 09 19 19 00  50  4.0  6.0   0.9    13    MM  14 1011.0  29.8  31.0    MM   MM -1.4    MM
2023 09 19 18 00  40  3.0  4.0   1.0    13    MM  10 1011.4  29.6  31.1    MM   MM -1.5    MM
2023 09 19 17 00  50  3.0  5.0   0.9    13    MM  15 1011.9  29.6  31.0    MM   MM -1.1    MM
2023 09 19 16 00  40  3.0  5.0   1.0    13    MM  11 1012.4  29.6  31.0    MM   MM -0.3    MM
2023 09 19 15 00  70  2.0  3.0   1.0    11    MM  15 1012.9  29.7  30.8    MM   MM +0.4    MM
2023 09 19 14 00  80  2.0  3.0   1.1    10    MM   7 1013.0  29.7  30.5    MM   MM +1.2    MM
2023 09 19 13 00 100  3.0  4.0   1.1    11    MM   7 1012.7  29.6  30.4    MM   MM +1.2    MM
2023 09 19 12 00  80  2.0  3.0   1.0    12    MM  14 1012.5  29.5  30.3    MM   MM +1.3    MM
2023 09 19 11 00  90  3.0  3.0   1.0    12    MM  11 1011.8  29.0  30.3    MM   MM +0.4    MM
2023 09 19 10 00  80  3.0  3.0   1.2    11    MM  10 1011.5  29.0  30.3    MM   MM   MM    MM
2023 09 19 09 00  80  3.0  4.0   1.1    11    MM  10 1011.2  29.0  30.3    MM   MM -1.1    MM
2023 09 19 08 00  70  3.0  5.0   1.1    12    MM  12 1011.4  29.0  30.3    MM   MM -1.3    MM
2023 09 19 06 00  70  3.0  4.0   1.1    11    MM  12 1012.3  29.2  30.3    MM   MM -0.7    MM
2023 09 19 05 00  70  4.0  4.0   1.1    11    MM   7 1012.7  29.2  30.3    MM   MM -0.3    MM
2023 09 19 04 00  80  4.0  5.0   1.0    10    MM  15 1013.0  29.4    MM    MM   MM +0.0    MM
2023 09 19 03 00  70  4.0  5.0   1.2    11    MM  11 1013.0  29.3  30.4    MM   MM +0.8    MM
2023 09 19 02 00  60  4.0  4.0   1.1    12    MM  10 1013.0  29.3  30.4    MM   MM +1.6    MM
2023 09 19 01 00  70  5.0  6.0   1.1    13    MM  12 1012.9  29.4  30.5    MM   MM +1.7    MM
2023 09 19 00 00  70  4.0  5.0   1.1    13    MM   9 1012.2  29.3  30.6    MM   MM +1.4    MM
2023 09 18 23 00  60  4.0  6.0   1.1    11    MM  11 1011.4  29.5  30.7    MM   MM +0.5    MM
2023 09 18 22 00  50  4.0  6.0   1.1    12    MM   9 1011.2  29.6  30.8    MM   MM +0.3    MM
2023 09 18 21 00  60  4.0  5.0   1.1    11    MM  10 1010.8  30.1  30.9    MM   MM -0.6    MM
2023 09 18 20 00  70  2.0  3.0   1.1    13    MM  15 1010.9  30.1  31.0    MM   MM -1.1    MM
2023 09 18 19 00  60  2.0  3.0   1.1    13    MM  14 1010.9  29.6  30.8    MM   MM   MM    MM
2023 09 18 18 00  70  3.0  4.0   1.1    13    MM  15 1011.4  29.5  30.9    MM   MM -1.6    MM
2023 09 18 17 00  80  3.0  3.0   1.1    13    MM   7 1012.0  29.7  30.8    MM   MM -0.9    MM
2023 09 18 15 00 100  4.0  5.0   1.4    13    MM   5 1013.0  29.7  30.4    MM   MM +0.8    MM
2023 09 18 14 00  50  4.0  5.0   1.3    13    MM   8 1012.9  29.4  30.3    MM   MM +1.2    MM
2023 09 18 13 00  60  4.0  5.0   1.3    13    MM   4 1012.6  29.5  30.3    MM   MM   MM    MM
2023 09 18 12 00  60  4.0  5.0   1.3    13    MM 359 1012.2  29.4  30.2    MM   MM   MM    MM
2023 09 18 11 00  60  4.0  5.0   1.4    13    MM   7 1011.7  29.2  30.2    MM   MM +0.0    MM
2023 09 18 08 00  70  3.0  4.0   1.3    13    MM   7 1011.6  28.9  30.2    MM   MM -0.7    MM
2023 09 18 07 00  80  4.0  5.0   1.3    13    MM   5 1011.6  28.9  30.2    MM   MM -1.4    MM
2023 09 18 06 00  70  4.0  5.0   1.5    13    MM   7 1011.8  29.0  30.3    MM   MM   MM    MM
2023 09 18 05 00  70  4.0  6.0   1.5    13    MM   8 1012.3  29.2    MM    MM   MM -0.7    MM
2023 09 18 04 00  80  5.0  6.0   1.5    14    MM   9 1013.0  29.3  30.3    MM   MM +0.3    MM
2023 09 18 02 00  70  5.0  7.0   1.6    13    MM   3 1013.0  29.4  30.3    MM   MM   MM    MM
2023 09 18 01 00  60  6.0  7.0   1.6    13    MM   4 1012.7  29.4  30.3    MM   MM +1.0    MM
2023 09 18 00 00  60  6.0  8.0   1.4    10    MM   3 1012.3  29.6  30.3    MM   MM +0.9    MM
2023 09 17 22 00  60  6.0  7.0   1.4    13    MM   5 1011.7  29.5  30.4    MM   MM +0.3    MM
2023 09 17 21 00  60  6.0  7.0   1.2    11    MM   7 1011.4  30.0  30.6    MM   MM   MM    MM
2023 09 17 20 00  50  6.0  8.0   1.2    13    MM   4 1011.0  29.6  30.6    MM   MM -1.3    MM
2023 09 17 19 00  80  4.0  6.0   1.2    13    MM   8 1011.4  30.0  30.8    MM   MM   MM    MM
2023 09 17 18 00 100  4.0  5.0   1.2    14    MM   9 1011.6  29.9    MM    MM   MM -1.5    MM
2023 09 17 17 00 110  4.0  5.0   1.2    13    MM   7 1012.3  29.9    MM    MM   MM   MM    MM
2023 09 17 16 00 110  4.0  5.0   1.3    13    MM  10 1012.9  29.8  30.5    MM   MM -0.3    MM
2023 09 17 15 00  90  4.0  5.0   1.4    13    MM   6 1013.1  29.8    MM    MM   MM +0.5    MM
2023 09 17 14 00 100  4.0  5.0   1.4    12    MM   9 1013.2  29.7  30.2    MM   MM +1.2    MM
2023 09 17 13 00  90  5.0  6.0   1.1    13    MM  15 1013.2  29.8  30.2    MM   MM +1.7    MM
2023 09 17 12 00  70  4.0  6.0   1.2    13    MM  14 1012.6  29.5  30.2    MM   MM +1.5    MM
2023 09 17 11 00  70  4.0  5.0   1.1    13    MM  23 1012.0  29.5  30.2    MM   MM +0.9    MM
2023 09 17 10 00  70  5.0  6.0   1.0    13    MM  24 1011.5  29.2  30.2    MM   MM   MM    MM
2023 09 17 09 00  70  5.0  6.0   1.0    11    MM  33 1011.1  29.2  30.1    MM   MM   MM    MM
2023 09 17 08 00  60  5.0  6.0   1.1    13    MM  19 1011.1  29.2  30.2    MM   MM   MM    MM
2023 09 17 07 00  70  5.0  6.0   1.0    11    MM  19 1011.1  29.2    MM    MM   MM -0.9    MM
2023 09 17 06 00  MM   MM   MM   0.0    MM    MM  MM     MM    MM    MM    MM   MM   MM    MM
2023 09 17 05 00  MM   MM   MM   1.1    11    MM  20     MM    MM    MM    MM   MM   MM    MM
2023 09 17 04 00  60  6.0  7.0   1.1    12    MM  18 1012.0  29.4  30.2    MM   MM   MM    MM
2023 09 17 02 00  70  6.0  7.0   1.1     9    MM  10 1012.4  29.4  30.3    MM   MM +0.6    MM
2023 09 17 00 00  60  6.0  8.0   1.2    11    MM   5 1011.9  29.6  30.4    MM   MM +0.7    MM
2023 09 16 22 00  40  6.0  8.0   1.1    10    MM   6 1011.6  29.6  30.5    MM   MM +0.0    MM
2023 09 16 21 00  50  6.0  7.0   1.1    11    MM   6 1011.2  29.8  30.6    MM   MM -1.1    MM
2023 09 16 19 00  50  5.0  6.0   1.3    11    MM   2 1011.7  29.7  30.6    MM   MM -1.8    MM
2023 09 16 18 00  50  4.0  5.0   1.4    12    MM 360 1012.3  29.7  30.7    MM   MM -1.6    MM
2023 09 16 17 00  30  4.0  5.0   1.4    13    MM 359 1012.9  29.7  30.8    MM   MM -1.2    MM
2023 09 16 16 00  50  2.0  3.0   1.4    13    MM 357 1013.5  29.9    MM    MM   MM -0.3    MM
2023 09 16 15 00  90  3.0  4.0   1.4    13    MM 360 1013.9  29.7  30.4    MM   MM +0.7    MM
2023 09 16 14 00 100  4.0  6.0   1.4    11    MM 358 1014.1  29.4  30.3    MM   MM +1.5    MM
2023 09 16 13 00  90  5.0  6.0   1.6    13    MM 357 1013.8  29.6  30.2    MM   MM +1.4    MM
2023 09 16 12 00  90  5.0  6.0   1.7    13    MM 355 1013.2  29.7  30.2    MM   MM   MM    MM
2023 09 16 11 00  90  5.0  6.0   1.5    13    MM 357 1012.6  29.5  30.2    MM   MM +0.7    MM
2023 09 16 10 00 100  5.0  6.0   1.5    13    MM 357 1012.4  29.3  30.2    MM   MM +0.4    MM
2023 09 16 09 00  MM   MM   MM   1.4    13    MM 353     MM    MM    MM    MM   MM   MM    MM
2023 09 16 08 00 110  4.0  6.0   1.4    13    MM 351 1011.9  29.2  30.3    MM   MM   MM    MM
2023 09 16 07 00  80  4.0  5.0   1.2    13    MM 356 1012.0  29.2  30.3    MM   MM -0.6    MM
2023 09 16 06 00  90  3.0  5.0   1.2    13    MM 356 1012.4  29.1  30.3    MM   MM +0.0    MM
2023 09 16 04 00  70  3.0  3.0   1.1    11    MM 359 1012.6  29.4  30.3    MM   MM -0.0    MM
2023 09 16 03 00  70  3.0  3.0   1.1    11    MM 352 1012.3  29.5  30.3    MM   MM +0.3    MM
2023 09 16 02 00  70  2.0  3.0   1.2    13    MM 354 1012.5  29.6  30.4    MM   MM +0.8    MM
2023 09 16 01 00 110  2.0  3.0   1.2    11    MM 356 1012.5  29.7  30.4    MM   MM +1.1    MM
2023 09 16 00 00 100  3.0  4.0   1.2    12    MM 355 1012.0  29.7  30.4    MM   MM   MM    MM
2023 09 15 22 00 110  3.0  4.0   1.0    11    MM 350 1011.4  29.9  30.4    MM   MM   MM    MM
2023 09 15 18 00 100  4.0  5.0   1.1    11    MM 357 1011.5  29.9  30.6    MM   MM -1.4    MM
2023 09 15 17 00 100  4.0  5.0   1.2    12    MM 359 1012.3  30.0  30.5    MM   MM -0.7    MM
2023 09 15 16 00 110  4.0  5.0   1.4    11    MM 352 1012.6  30.2    MM    MM   MM +0.0    MM
2023 09 15 15 00 130  3.0  4.0   1.1    12    MM 357 1012.9  30.2  30.3    MM   MM +0.7    MM
2023 09 15 14 00 130  4.0  5.0   1.3    13    MM 356 1013.0  30.0  30.2    MM   MM +1.3    MM
2023 09 15 13 00 130  4.0  6.0   1.4    12    MM 357 1012.7  29.7  30.1    MM   MM +1.4    MM
2023 09 15 12 00 150  4.0  5.0   1.1    11    MM 355 1012.2  29.5    MM    MM   MM +1.3    MM
2023 09 15 11 00 150  4.0  4.0   1.2    11    MM 356 1011.7  29.2  30.1    MM   MM +0.8    MM
2023 09 15 10 00 130  4.0  5.0   1.4    13    MM 355 1011.3  29.0  30.0    MM   MM +0.4    MM
2023 09 15 09 00 130  4.0  6.0   1.3    13    MM 355 1010.9  28.9  30.0    MM   MM   MM    MM
2023 09 15 08 00 150  3.0  4.0   1.2    13    MM 354 1010.9  29.0  30.1    MM   MM -1.3    MM
2023 09 15 07 00 140  3.0  4.0   1.3    11    MM 354 1010.9  29.1  30.1    MM   MM -1.4    MM
2023 09 15 05 00 140  4.0  5.0   1.3    13    MM 352 1012.2  29.3  30.1    MM   MM +0.3    MM
2023 09 15 04 00 150  4.0  5.0   1.3    13    MM 355 1012.3  29.4  30.1    MM   MM +0.5    MM
2023 09 15 02 00 170  4.0  5.0   1.1    13    MM 351 1011.9  29.4  30.2    MM   MM +1.1    MM
2023 09 15 01 00 170  4.0  5.0   1.3    13    MM 350 1011.8  29.6  30.2    MM   MM +1.3    MM
2023 09 14 23 00 180  5.0  6.0   1.0    13    MM 359 1010.8  29.8  30.2    MM   MM +0.3    MM
2023 09 14 22 00 170  6.0  7.0   1.1    13    MM 349 1010.5  30.2    MM    MM   MM   MM    MM
2023 09 14 21 00 170  5.0  7.0   1.1    13    MM 355 1010.3  30.4  30.3    MM   MM   MM    MM
2023 09 14 20 00 180  6.0  7.0   1.2    11    MM 359 1010.5  30.4  30.3    MM   MM -0.8    MM
2023 09 14 17 00 170  5.0  7.0   1.1    13    MM 351 1011.3  30.5  30.2    MM   MM -0.5    MM
2023 09 14 14 00 160  6.0  7.0   1.0    11    MM   9 1011.8  30.2  30.1    MM   MM   MM    MM
2023 09 14 12 00 180  6.0  7.0   1.1    11    MM   7 1010.8  29.8  30.1    MM   MM   MM    MM
2023 09 14 08 00 150  6.0  7.0   1.0    13    MM 359 1009.1  29.5  30.1    MM   MM -0.9    MM
2023 09 14 05 00 170  6.0  7.0   1.0    11    MM   2 1010.0  29.6  30.0    MM   MM -0.6    MM
2023 09 14 03 00 180  6.0  7.0   1.2    11    MM 360 1010.6  29.9  30.2    MM   MM +1.0    MM
2023 09 14 02 00 180  5.0  6.0   1.3    11    MM 355 1010.6  29.8  30.1    MM   MM +1.3    MM
2023 09 14 01 00 180  5.0  6.0   1.3    13    MM 359 1010.2  29.9  30.0    MM   MM +1.4    MM
2023 09 14 00 00 190  6.0  7.0   1.2    11    MM 358 1009.6  29.9  30.0    MM   MM +1.1    MM
2023 09 13 23 00 180  6.0  7.0   1.3    13    MM 353 1009.3  30.0    MM    MM   MM   MM    MM
2023 09 13 22 00 180  6.0  8.0   1.2    13    MM   3 1008.8  30.1  30.1    MM   MM +0.3    MM
2023 09 13 21 00 190  6.0  8.0   1.1    11    MM 348 1008.5  30.3  30.1    MM   MM   MM    MM
2023 09 13 20 00 190  7.0  8.0   1.1    12    MM 352 1007.9  30.5    MM    MM   MM -2.1    MM
2023 09 13 19 00 190  7.0  9.0   1.2    13    MM 360 1008.5  30.5  30.2    MM   MM   MM    MM
2023 09 13 18 00  MM   MM   MM   0.6    23    MM  10     MM    MM    MM    MM   MM   MM    MM
2023 09 13 17 00 200  6.0  8.0   1.5    13    MM 348 1010.0  30.5  30.2    MM   MM   MM    MM
2023 09 13 13 00 210  7.0  9.0   1.6    12    MM 349 1010.1  30.1    MM    MM   MM +1.4    MM
2023 09 13 12 00 200  7.0  9.0   1.6    13    MM 348 1009.4  29.9  30.0    MM   MM   MM    MM
2023 09 13 10 00 200  7.0  9.0   1.9    13    MM 349 1008.7  29.6  30.0    MM   MM   MM    MM
2023 09 13 08 00 200  6.0  9.0   2.1    12    MM 350 1007.8  29.5    MM    MM   MM   MM    MM
2023 09 13 06 00 200  6.0  9.0    MM    MM    MM  MM 1008.4  29.6  30.0    MM   MM   MM    MM
2023 09 13 05 00  MM   MM   MM   6.4    MM    MM 328     MM    MM    MM    MM   MM   MM    MM
2023 09 12 22 00 200  8.0 10.0   1.4    13    MM 337 1007.3  29.9  30.0    MM   MM   MM    MM
2023 09 12 21 00 210  8.0 11.0   1.2    10    MM 328 1006.9  30.0  30.0    MM   MM -1.3    MM
2023 09 12 18 00 210  8.0 11.0   1.1    13    MM 333 1008.2  30.0    MM    MM   MM   MM    MM
2023 09 12 17 00 210  9.0 11.0   1.1    12    MM 339 1008.8  30.1  30.0    MM   MM -1.3    MM
2023 09 12 14 00 220  7.0  9.0   1.2    13    MM 351 1010.1  29.3  29.9    MM   MM   MM    MM
2023 09 12 13 00 220  8.0 10.0   1.0    11    MM 336 1009.6  28.8  29.9    MM   MM   MM    MM
2023 09 12 12 00 210  7.0  9.0   1.0    13    MM 345 1009.2  29.0  29.9    MM   MM   MM    MM
2023 09 12 09 00  MM   MM   MM   1.0    11    MM 356     MM    MM    MM    MM   MM   MM    MM
2023 09 12 08 00 240  5.0  6.0   1.1    11    MM   5 1007.9  28.7  29.9    MM   MM   MM    MM
2023 09 12 07 00 250  5.0  6.0   1.4    10    MM  11 1008.1  28.9  29.9    MM   MM -1.6    MM
2023 09 12 04 00 220  5.0  7.0   1.8    11    MM  16 1009.7  29.0  30.0    MM   MM +0.0    MM
2023 09 12 03 00 250  4.0  5.0   1.7    12    MM  19 1010.3  29.0  30.0    MM   MM +0.9    MM
2023 09 12 02 00 240  5.0  6.0   1.6    12    MM  18 1010.2  29.7  30.0    MM   MM +1.1    MM
2023 09 12 01 00 240  5.0  6.0   1.8    12    MM  17 1009.7  29.0  30.0    MM   MM +0.7    MM
2023 09 12 00 00 270  5.0  6.0   1.7    11    MM  15 1009.4  28.5  30.0    MM   MM +0.7    MM
2023 09 11 22 00 280  5.0  9.0   2.5    11    MM  21 1009.0  28.1  30.1    MM   MM -0.0    MM
2023 09 11 21 00 310  6.0  7.0   2.2    12    MM  19 1008.7  27.5  30.2    MM   MM -0.3    MM
2023 09 11 20 00 310  5.0  7.0   2.0    12    MM  21 1008.5  28.7  30.2    MM   MM   MM    MM
2023 09 11 19 00 250  6.0  7.0   2.0    12    MM  19 1008.8  30.1  30.2    MM   MM -1.5    MM
2023 09 11 18 00 230  6.0  8.0   1.9    12    MM  22 1009.0  29.8  30.2    MM   MM -1.7    MM
2023 09 11 16 00 240  5.0  6.0   1.7    13    MM  21 1010.3  29.8  30.2    MM   MM -0.6    MM
2023 09 11 15 00 230  5.0  6.0   1.5    12    MM  23 1010.7  29.6  30.2    MM   MM +0.4    MM
2023 09 11 14 00 230  4.0  6.0   1.6    11    MM  23 1010.9  29.5  30.1    MM   MM +0.9    MM
2023 09 11 13 00 230  5.0  7.0   1.4    12    MM  23 1010.9  29.4  30.1    MM   MM +1.4    MM
2023 09 11 12 00 230  4.0  6.0   1.4    10    MM  21 1010.3  29.4  30.0    MM   MM +0.9    MM
2023 09 11 11 00 250  2.0  3.0   1.3    13    MM  17 1010.0  29.2  30.1    MM   MM +0.3    MM
2023 09 11 10 00 260  2.0  3.0   1.2    13    MM  21 1009.5  28.7  30.1    MM   MM +0.0    MM
2023 09 11 09 00 230  3.0  4.0   1.2    11    MM  18 1009.4  28.4    MM    MM   MM -0.6    MM
2023 09 11 08 00 270  4.0  5.0   1.1    13    MM  16 1009.7  28.6  30.1    MM   MM   MM    MM
2023 09 11 07 00 250  3.0  4.0   1.0    13    MM  20 1009.5  28.7  30.1    MM   MM -1.6    MM
2023 09 11 06 00 250  5.0  6.0   0.9    12    MM  18 1010.0  28.6    MM    MM   MM -1.5    MM
2023 09 11 04 00 250  4.0  5.0   0.9    13    MM  19 1011.1  29.6  30.2    MM   MM -0.3    MM
2023 09 11 03 00 310  4.0  5.0   0.8    14    MM  18 1011.5  29.5  30.2    MM   MM +0.4    MM
2023 09 11 02 00 280  4.0  5.0   0.7     9    MM  18 1011.5  29.6  30.2    MM   MM +0.8    MM
2023 09 11 01 00 290  4.0  5.0   0.8    10    MM  17 1011.4  29.6    MM    MM   MM +1.2    MM
2023 09 11 00 00 300  5.0  6.0    MM    MM    MM  MM 1011.1  29.8    MM    MM   MM +1.1    MM
2023 09 10 22 00 320  5.0  6.0    MM    MM    MM  MM 1010.2  29.9    MM    MM   MM +0.0    MM
2023 09 10 21 00 330  5.0  6.0    MM    MM    MM  MM 1010.0  30.4    MM    MM   MM -0.4    MM
2023 09 10 20 00 330  4.0  6.0    MM    MM    MM  MM 1010.2  30.2    MM    MM   MM -1.2    MM
2023 09 10 19 00 340  4.0  5.0    MM    MM    MM  MM 1010.0  30.0    MM    MM   MM -2.1    MM
2023 09 10 18 00 320  3.0  5.0    MM    MM    MM  MM 1010.4  30.0    MM    MM   MM -1.7    MM
2023 09 10 17 00 350  4.0  5.0    MM    MM    MM  MM 1011.4  29.7    MM    MM   MM   MM    MM
2023 09 10 16 00 340  4.0  5.0    MM    MM    MM  MM 1012.1  29.8    MM    MM   MM +0.0    MM
2023 09 10 15 00 330  3.0  5.0    MM    MM    MM  MM 1012.1  29.7    MM    MM   MM   MM    MM
2023 09 10 13 00 360  4.0  5.0   0.7     9    MM  32 1012.3  29.8  30.4    MM   MM +1.8    MM
2023 09 10 11 00 350  5.0  7.0   0.7    11    MM  31 1011.2  29.6  30.3    MM   MM +0.8    MM
2023 09 10 10 00 360  4.0  5.0   0.7    11    MM  28 1010.5  29.5  30.3    MM   MM +0.0    MM
2023 09 10 09 00 330  3.0  5.0   0.7    10    MM  25 1010.3  29.0  30.3    MM   MM -0.5    MM
2023 09 10 08 00 350  5.0  9.0   0.7    12    MM  24 1010.4  27.9  30.3    MM   MM   MM    MM
2023 09 10 07 00 360  4.0  5.0   0.7     9    MM  24 1010.4  29.4  30.3    MM   MM -1.1    MM
2023 09 10 06 00  20  3.0  4.0   0.7    10    MM  25 1010.8  29.5  30.3    MM   MM   MM    MM
2023 09 10 04 00  40  4.0  5.0   0.7     9    MM  33 1011.5  29.8  30.3    MM   MM   MM    MM
2023 09 10 02 00  30  5.0  7.0   0.6     9    MM  37 1012.4  29.8  30.5    MM   MM +1.4    MM
2023 09 10 00 00  40  5.0  7.0   0.6     9    MM  33 1011.7  30.0  30.5    MM   MM +1.4    MM
2023 09 09 22 00  30  5.0  6.0   0.7    10    MM  33 1010.6  29.9  30.5    MM   MM   MM    MM
2023 09 09 21 00  40  5.0  6.0   0.7    11    MM  35 1010.3  30.1  30.5    MM   MM   MM    MM
2023 09 09 20 00  40  5.0  6.0   0.7    10    MM  38 1010.4  30.2  30.6    MM   MM -1.4    MM
2023 09 09 17 00  30  5.0  6.0   0.8    10    MM  43 1011.8  30.0  30.5    MM   MM -1.4    MM
2023 09 09 15 00  40  5.0  6.0   0.8    11    MM  40 1012.9  29.9  30.4    MM   MM +1.0    MM
2023 09 09 14 00  40  5.0  6.0   0.8    11    MM  47 1013.2  29.9  30.3    MM   MM +1.5    MM
2023 09 09 13 00  50  4.0  5.0   0.8     6    MM  44 1012.7  30.0  30.3    MM   MM +1.5    MM
2023 09 09 12 00  70  4.0  5.0   0.8    11    MM  44 1011.9  29.9  30.2    MM   MM   MM    MM
2023 09 09 11 00  70  4.0  5.0   0.7    10    MM  39 1011.7  29.6  30.2    MM   MM +1.2    MM
2023 09 09 10 00  60  5.0  6.0   0.8     5    MM  40 1011.2  29.4  30.3    MM   MM +0.9    MM
2023 09 09 08 00  50  6.0  7.0   0.9    10    MM  34 1010.5  29.5  30.3    MM   MM -0.9    MM
2023 09 09 07 00  70  5.0  6.0   0.8     5    MM  35 1010.3  29.5  30.3    MM   MM -1.8    MM
2023 09 09 05 00  70  5.0  7.0   0.8     5    MM  31 1011.4  29.5    MM    MM   MM -1.1    MM
2023 09 09 04 00  50  6.0  7.0   0.9    10    MM  35 1012.1  29.4  30.3    MM   MM -0.3    MM
2023 09 09 02 00  50  7.0  8.0   0.8    11    MM  39 1012.5  29.8  30.3    MM   MM +1.5    MM
2023 09 09 01 00  40  6.0  7.0   0.8    11    MM  37 1012.4  29.6  30.3    MM   MM   MM    MM
2023 09 09 00 00  40  7.0  8.0   0.8    11    MM  37 1011.6  29.5  30.4    MM   MM +0.6    MM
2023 09 08 21 00  30  7.0  8.0   0.8    11    MM  34 1011.0  29.7  30.4    MM   MM -0.6    MM
2023 09 08 20 00  40  6.0  7.0   0.9     5    MM  37 1010.8  29.8  30.4    MM   MM -1.0    MM
2023 09 08 19 00  MM   MM   MM   0.9    12    MM  32     MM    MM  30.5    MM   MM   MM    MM
2023 09 08 18 00  40  7.0  8.0   0.8    11    MM  38 1011.6  29.6  30.5    MM   MM -1.5    MM
2023 09 08 17 00  40  6.0  8.0   0.7    11    MM  43 1011.8  29.6    MM    MM   MM -1.5    MM
2023 09 08 16 00  MM   MM   MM   0.7    11    MM  46     MM    MM    MM    MM   MM   MM    MM
2023 09 08 15 00  50  5.0  6.0   0.7    12    MM  41 1013.1  29.6  30.3    MM   MM +0.7    MM
2023 09 08 14 00  50  5.0  6.0   0.8    12    MM  48 1013.3  29.5  30.3    MM   MM +1.1    MM
2023 09 08 13 00  60  5.0  6.0   0.8    12    MM  57 1013.0  29.5  30.3    MM   MM   MM    MM
2023 09 08 12 00  60  4.0  6.0   0.8    12    MM  44 1012.4  29.5  30.2    MM   MM +0.7    MM
2023 09 08 11 00  60  4.0  5.0   0.8    13    MM  57 1012.2  29.3  30.2    MM   MM +0.9    MM
2023 09 08 10 00  MM   MM   MM   0.8    12    MM  50     MM    MM  30.2    MM   MM   MM    MM
2023 09 08 09 00  80  4.0  5.0   0.8     5    MM  54 1011.7  28.9  30.3    MM   MM   MM    MM
2023 09 08 08 00  70  4.0  6.0   0.8    13    MM  43 1011.3  28.9  30.2    MM   MM   MM    MM
2023 09 08 07 00  70  5.0  6.0   0.8    13    MM  47 1011.2  28.9  30.2    MM   MM -1.3    MM
2023 09 08 06 00  MM   MM   MM   0.8    13    MM  46     MM    MM  30.2    MM   MM   MM    MM
2023 09 08 04 00  80  6.0  8.0   0.9    13    MM  55 1012.5  29.2  30.2    MM   MM +0.0    MM
2023 09 08 03 00  60  7.0  8.0   0.9     4    MM  57 1012.6  29.2  30.3    MM   MM +0.9    MM
2023 09 08 02 00  70  7.0  8.0   0.9    10    MM  62 1012.6  29.2  30.3    MM   MM +1.3    MM
2023 09 08 01 00  70  7.0  9.0   0.9    13    MM  60 1012.3  29.3  30.4    MM   MM +1.2    MM
2023 09 08 00 00  60  7.0  8.0   0.9    11    MM  60 1011.7  29.4  30.4    MM   MM   MM    MM
2023 09 07 23 00 100  7.0  8.0   0.8    11    MM  63 1011.3  29.6  30.4    MM   MM +0.0    MM
2023 09 07 22 00  90  6.0  7.0   0.8    11    MM  59 1011.1  29.8  30.4    MM   MM   MM    MM
2023 09 07 20 00  90  6.0  7.0   0.8    13    MM  54 1011.1  29.9    MM    MM   MM   MM    MM
2023 09 07 19 00  MM   MM   MM   0.9    10    MM  47     MM    MM  30.5    MM   MM   MM    MM
2023 09 07 16 00 100  5.0  6.0   0.8    11    MM  41 1012.7  29.4  30.4    MM   MM -0.5    MM
2023 09 07 14 00 110  5.0  7.0   0.9    11    MM  44 1013.2  29.3  30.2    MM   MM +0.6    MM
2023 09 07 13 00 100  5.0  6.0   0.9    11    MM  41 1013.2  29.3  30.2    MM   MM +1.1    MM
2023 09 07 12 00 130  4.0  4.0   0.9    11    MM  40 1013.0  29.0  30.2    MM   MM   MM    MM
2023 09 07 11 00 100  3.0  5.0   0.9    13    MM  42 1012.6  28.9    MM    MM   MM   MM    MM
2023 09 07 10 00 100  4.0  5.0   0.9    14    MM  40 1012.1  29.0  30.2    MM   MM +0.4    MM
2023 09 07 07 00 110  5.0  7.0   1.0    15    MM  41 1011.7  29.2  30.2    MM   MM   MM    MM
2023 09 07 04 00  MM   MM   MM   1.1    23    MM  10     MM    MM    MM    MM   MM   MM    MM
2023 09 07 03 00  90  6.0  8.0   1.0    13    MM  41 1013.5  29.4  30.3    MM   MM   MM    MM
2023 09 07 02 00 100  6.0  7.0   1.1    13    MM  45 1013.8  29.5  30.3    MM   MM   MM    MM
2023 09 07 01 00 100  7.0  8.0   0.9    13    MM  38 1013.5  29.5  30.4    MM   MM +1.1    MM
2023 09 06 22 00  90  5.0  6.0   1.0    13    MM  30 1012.4  29.5  30.4    MM   MM   MM    MM
2023 09 06 21 00  80  5.0  6.0   0.9    13    MM  35 1011.9  29.8  30.5    MM   MM   MM    MM
2023 09 06 20 00  90  5.0  6.0   1.0    13    MM  26 1012.3  29.6  30.5    MM   MM -1.2    MM
2023 09 06 17 00  80  5.0  6.0   1.0    13    MM  27 1013.5  29.5  30.5    MM   MM -1.1    MM
2023 09 06 16 00  80  5.0  7.0   1.0    13    MM  27 1014.2  29.3  30.4    MM   MM +0.0    MM
2023 09 06 15 00 100  6.0  7.0   1.0    13    MM  27 1014.4  29.3  30.3    MM   MM +0.6    MM
2023 09 06 14 00 100  4.0  6.0   1.1    14    MM  25 1014.6  29.4  30.2    MM   MM +1.0    MM
2023 09 06 13 00 100  5.0  6.0   1.1    13    MM  25 1014.4  29.5  30.2    MM   MM +1.1    MM
2023 09 06 12 00 110  5.0  6.0   1.2    14    MM  23 1013.8  29.5    MM    MM   MM +0.9    MM
2023 09 06 11 00 110  4.0  7.0   1.2    14    MM  29 1013.6  29.2  30.2    MM   MM +1.1    MM
2023 09 06 10 00 110  5.0  6.0   1.0    11    MM  33 1013.3  29.0  30.2    MM   MM   MM    MM
2023 09 06 09 00 110  5.0  6.0   1.2    12    MM  25 1012.9  29.0  30.2    MM   MM -0.3    MM
2023 09 06 08 00 100  4.0  5.0   1.3    13    MM  24 1012.5  28.9    MM    MM   MM   MM    MM
2023 09 06 07 00  MM   MM   MM   1.2    13    MM  19     MM    MM  30.2    MM   MM   MM    MM
2023 09 06 06 00 100  5.0  6.0   1.2    12    MM  19 1013.2  29.1    MM    MM   MM -1.3    MM
2023 09 06 03 00 100  6.0  7.0   1.2    13    MM  25 1014.5  29.4  30.3    MM   MM +0.4    MM
2023 09 06 02 00 100  6.0  7.0   1.1    13    MM  25 1014.8  29.5  30.3    MM   MM +0.8    MM
2023 09 06 01 00 100  5.0  7.0   1.1    13    MM  21 1014.5  29.6  30.3    MM   MM +0.6    MM
2023 09 06 00 00 110  4.0  5.0   1.2    12    MM  28 1014.1  29.5  30.3    MM   MM +0.3    MM
2023 09 05 23 00 110  4.0  5.0   1.2    13    MM  24 1014.0  29.7  30.4    MM   MM +0.0    MM
2023 09 05 22 00 110  4.0  5.0   1.2    12    MM  26 1013.9  29.8  30.5    MM   MM +0.0    MM
2023 09 05 21 00 100  4.0  6.0   1.1    13    MM  22 1013.8  29.8  30.5    MM   MM -0.5    MM
2023 09 05 20 00  90  5.0  6.0   1.1    12    MM  25 1013.8  29.9  30.5    MM   MM -1.1    MM
2023 09 05 19 00 100  5.0  5.0   1.1    11    MM  22 1013.9  29.9  30.6    MM   MM -1.4    MM
2023 09 05 18 00 100  4.0  5.0   1.0    11    MM  16 1014.3  29.9  30.5    MM   MM -1.5    MM
2023 09 05 17 00 100  5.0  5.0   1.1    11    MM  18 1014.9  29.7  30.4    MM   MM   MM    MM
2023 09 05 16 00 110  5.0  7.0   1.1    12    MM  19 1015.3  29.7    MM    MM   MM +0.0    MM
2023 09 05 15 00 110  6.0  7.0   1.0    12    MM  13 1015.8  29.7  30.3    MM   MM +1.0    MM
2023 09 05 14 00  MM   MM   MM   1.1    13    MM  14     MM    MM    MM    MM   MM   MM    MM
2023 09 05 13 00 120  6.0  7.0   1.2    13    MM  17 1015.2  29.7  30.1    MM   MM +1.4    MM
2023 09 05 12 00 140  5.0  6.0   1.2    13    MM  17 1014.8  29.4  30.1    MM   MM   MM    MM
2023 09 05 11 00 110  5.0  7.0   1.4    12    MM  19 1014.3  29.3  30.1    MM   MM +0.8    MM
2023 09 05 10 00 120  6.0  8.0   1.3    13    MM  17 1013.8  29.1  30.1    MM   MM +0.0    MM
2023 09 05 08 00 140  4.0  4.0   1.4    13    MM  10 1013.5  29.0  30.1    MM   MM   MM    MM
2023 09 05 07 00 120  4.0  5.0   1.3    13    MM  14 1013.8  29.1  30.1    MM   MM -1.4    MM
2023 09 05 04 00 110  4.0  6.0   1.5    13    MM  11 1015.2  29.5  30.2    MM   MM +0.4    MM
2023 09 05 03 00 120  5.0  7.0   1.3    12    MM  10 1015.1  29.5  30.2    MM   MM +0.7    MM
2023 09 05 02 00 150  4.0  5.0   1.5    13    MM  16 1015.4  29.5  30.2    MM   MM +1.8    MM
2023 09 05 01 00 150  4.0  5.0   1.4    13    MM  18 1014.8  29.5    MM    MM   MM +1.6    MM
2023 09 05 00 00 150  4.0  5.0   1.4    11    MM  20 1014.4  29.7  30.2    MM   MM +1.6    MM
2023 09 04 22 00 160  5.0  7.0   1.3    12    MM  25 1013.2  30.2  30.3    MM   MM +0.6    MM
2023 09 04 21 00 150  6.0  7.0   1.6    13    MM  19 1012.8  30.5  30.4    MM   MM -0.5    MM
2023 09 04 20 00 140  6.0  8.0   1.6    13    MM  16 1012.5  30.7  30.4    MM   MM -1.2    MM
2023 09 04 19 00 130  6.0  7.0   1.6    13    MM  16 1012.6  30.8  30.4    MM   MM   MM    MM
2023 09 04 18 00 110  6.0  9.0   1.6    12    MM  11 1013.3  30.0  30.4    MM   MM -1.2    MM
2023 09 04 17 00 130  6.0  7.0   1.6    13    MM  10 1013.7  30.5  30.3    MM   MM -0.7    MM
2023 09 04 15 00 120  6.0  7.0   1.6    13    MM   1 1014.5  30.0  30.2    MM   MM +0.9    MM
2023 09 04 14 00 110  6.0  7.0   1.9    13    MM   1 1014.4  29.9  30.1    MM   MM   MM    MM
2023 09 04 13 00 130  6.0  8.0   1.7    13    MM   8 1014.0  30.0  30.1    MM   MM +1.5    MM
2023 09 04 12 00 130  6.0  8.0   1.8    13    MM   6 1013.6  29.8  30.1    MM   MM   MM    MM
2023 09 04 10 00 130  6.0  8.0   1.9    13    MM   9 1012.5  29.4  30.1    MM   MM +0.0    MM
2023 09 04 08 00 130  6.0  8.0   1.5    13    MM  10 1012.1  29.5  30.1    MM   MM -0.9    MM
2023 09 04 07 00 120  6.0  8.0   1.5    13    MM   8 1012.3  29.5  30.1    MM   MM -0.9    MM
2023 09 04 06 00 140  6.0  7.0   1.6    13    MM   6 1012.6  29.6  30.1    MM   MM -0.5    MM
2023 09 04 05 00 140  6.0  7.0   1.4    13    MM   6 1013.0  29.7  30.1    MM   MM +0.0    MM
2023 09 04 04 00 140  5.0  7.0   1.5    13    MM 359 1013.2  29.7  30.1    MM   MM +0.0    MM
2023 09 04 03 00 140  5.0  7.0   1.4    13    MM   6 1013.1  29.7    MM    MM   MM +0.6    MM
2023 09 04 02 00 180  2.0  3.0   1.4    13    MM 360 1013.2  28.9  30.1    MM   MM   MM    MM
2023 09 04 01 00 250  3.0  4.0   1.3    13    MM   6 1013.0  28.3  30.1    MM   MM +1.6    MM
2023 09 04 00 00 140  3.0  4.0   1.1    13    MM  16 1012.5  29.6  30.1    MM   MM +1.4    MM
2023 09 03 22 00 120  5.0  6.0   1.2    13    MM  14 1011.4  29.6  30.2    MM   MM -0.0    MM
2023 09 03 21 00 140  5.0  7.0   1.0    13    MM  20 1011.1  30.5  30.2    MM   MM -0.9    MM
2023 09 03 20 00 140  5.0  7.0   1.1    13    MM  21 1011.0  30.5  30.2    MM   MM   MM    MM
2023 09 03 19 00 130  6.0  7.0   1.2    13    MM   9 1011.3  30.1  30.2    MM   MM -1.9    MM
2023 09 03 18 00 150  6.0  8.0   1.0    13    MM  10 1012.0  30.4  30.2    MM   MM -1.2    MM
2023 09 03 16 00 150  4.0  5.0   0.9    13    MM   5 1013.2  29.6  30.1    MM   MM +0.3    MM
2023 09 03 15 00 150  7.0 10.0   1.0    13    MM 360 1013.2  29.4  30.1    MM   MM   MM    MM
2023 09 03 14 00 130  6.0  7.0   0.9    13    MM  13 1013.4  30.0    MM    MM   MM +1.6    MM
2023 09 03 13 00 130  5.0  7.0   0.9    11    MM   6 1012.9  29.9  30.0    MM   MM +1.5    MM
2023 09 03 11 00 140  3.0  4.0   1.0    13    MM 357 1011.8  29.1  30.0    MM   MM +0.8    MM
2023 09 03 10 00 180  2.0  3.0   1.0    12    MM   6 1011.4  28.4    MM    MM   MM +0.3    MM
2023 09 03 09 00 150  5.0  6.0   1.0    13    MM 358 1011.2  29.0  30.0    MM   MM   MM    MM
2023 09 03 08 00 140  3.0  4.0   1.0    13    MM   5 1011.0  29.0  30.1    MM   MM -0.9    MM
2023 09 03 07 00 130  5.0  6.0   1.0    13    MM 357 1011.1  29.3  30.1    MM   MM -1.2    MM
2023 09 03 05 00 140  4.0  5.0   1.0    13    MM   1 1011.9  29.4  30.1    MM   MM -0.7    MM
2023 09 03 04 00 140  4.0  5.0   1.0    13    MM   6 1012.3  29.4  30.1    MM   MM +0.3    MM
2023 09 03 03 00 130  4.0  5.0   0.9    13    MM   7 1012.3  29.6  30.1    MM   MM +1.0    MM
2023 09 03 02 00 110  3.0  5.0   0.8    13    MM   9 1012.6  29.1  30.1    MM   MM +1.4    MM
2023 09 03 01 00 130  3.0  4.0   0.8    13    MM  13 1012.0  29.6  30.1    MM   MM +1.4    MM
2023 09 03 00 00 120  4.0  5.0   0.8    13    MM  15 1011.3  29.4  30.1    MM   MM +0.7    MM
2023 09 02 22 00 140  4.0  5.0   0.8    10    MM  33 1010.6  29.9  30.3    MM   MM +0.0    MM
2023 09 02 21 00 140  5.0  6.0   0.8    10    MM  30 1010.6  30.2  30.3    MM   MM -0.5    MM
2023 09 02 20 00 130  6.0  7.0   0.8    11    MM  44 1010.6  29.5  30.3    MM   MM -1.2    MM
2023 09 02 19 00 140  3.0  3.0   0.8    10    MM  44 1010.7  29.4  30.3    MM   MM -1.7    MM
2023 09 02 18 00 120  5.0  7.0   0.8    10    MM  28 1011.1  29.9    MM    MM   MM   MM    MM
2023 09 02 17 00 110  5.0  7.0   0.8    11    MM  37 1011.8  29.7  30.3    MM   MM -1.4    MM
2023 09 02 16 00 100  5.0  5.0   0.7    11    MM  39 1012.4  29.6  30.2    MM   MM -0.5    MM
2023 09 02 14 00 110  4.0  6.0   0.6     9    MM  35 1013.2  29.5  30.0    MM   MM +0.9    MM
2023 09 02 13 00 120  4.0  5.0   0.7     9    MM  43 1012.9  29.5  30.0    MM   MM +1.1    MM
2023 09 02 12 00 120  5.0  6.0   0.7     9    MM  41 1012.4  29.6    MM    MM   MM +1.0    MM
2023 09 02 11 00 140  4.0  5.0   0.8    10    MM  39 1012.3  28.6  29.9    MM   MM +1.1    MM
2023 09 02 10 00 110  5.0  6.0   0.7    10    MM  45 1011.8  29.1  29.9    MM   MM +0.4    MM
2023 09 02 09 00  80  5.0  5.0   0.8    10    MM  33 1011.4  28.7  30.0    MM   MM -0.4    MM
2023 09 02 08 00  90  5.0  7.0   0.7    10    MM  38 1011.2  29.2  30.0    MM   MM   MM    MM
2023 09 02 07 00  70  4.0  5.0   0.7    10    MM  35 1011.4  29.0  30.0    MM   MM   MM    MM
2023 09 02 06 00  60  4.0  5.0   0.7    10    MM  28 1011.8  29.0  30.1    MM   MM -1.7    MM
2023 09 02 05 00  MM   MM   MM   0.7    11    MM  38     MM    MM    MM    MM   MM   MM    MM
2023 09 02 03 00  70  4.0  5.0   0.7    10    MM  29 1013.5  29.2  30.0    MM   MM   MM    MM
2023 09 02 02 00  80  5.0  6.0   0.8    10    MM  43 1013.6  29.4  30.0    MM   MM +0.5    MM
2023 09 02 01 00  90  6.0  7.0   0.8    10    MM  40 1013.3  29.5  30.1    MM   MM +0.0    MM
2023 09 02 00 00  MM   MM   MM   0.8    11    MM  34     MM    MM    MM    MM   MM   MM    MM
2023 09 01 23 00 100  5.0  6.0   0.7    11    MM  49 1013.1  29.7  30.2    MM   MM +0.0    MM
2023 09 01 22 00 100  5.0  6.0   0.7    11    MM  55 1013.2  29.8  30.3    MM   MM -0.0    MM
2023 09 01 21 00  70  4.0  5.0   0.8    11    MM  47 1013.2  29.8  30.3    MM   MM   MM    MM
2023 09 01 20 00  70  5.0  6.0   0.8    10    MM  41 1012.9  29.5  30.3    MM   MM -1.8    MM
2023 09 01 19 00  60  5.0  6.0   0.8    11    MM  36 1013.3  29.4  30.3    MM   MM -2.1    MM
2023 09 01 17 00  90  5.0  6.0   0.6    11    MM  45 1014.7  29.6  30.3    MM   MM -1.2    MM
2023 09 01 16 00  90  4.0  5.0   0.7    11    MM  30 1015.4  29.6  30.1    MM   MM +0.0    MM
2023 09 01 15 00  90  4.0  4.0   0.6    11    MM  36 1015.9  29.6  30.0    MM   MM +0.9    MM
2023 09 01 14 00  90  4.0  6.0   0.6    11    MM  30 1015.9  29.6  29.9    MM   MM +1.5    MM
2023 09 01 13 00  90  5.0  5.0   0.6    11    MM  27 1015.5  29.4  29.9    MM   MM   MM    MM
2023 09 01 12 00  70  4.0  5.0   0.6    10    MM  39 1015.0  29.3  29.8    MM   MM +1.1    MM
2023 09 01 11 00  70  4.0  5.0   0.6    10    MM  40 1014.4  29.1  29.8    MM   MM +0.5    MM
2023 09 01 09 00  80  5.0  6.0   0.6    10    MM  52 1013.9  29.1  29.8    MM   MM -0.3    MM
2023 09 01 08 00  90  5.0  6.0   0.7    11    MM  34 1013.9  29.2  29.8    MM   MM -0.8    MM
2023 09 01 07 00  90  5.0  6.0   0.7    11    MM  41 1014.0  29.3  29.9    MM   MM   MM    MM
2023 09 01 06 00 120  5.0  6.0   0.7    10    MM  28 1014.2  29.0  29.9    MM   MM -0.8    MM
2023 09 01 05 00  70  4.0  4.0   0.7    11    MM  29 1014.7  29.2    MM    MM   MM +0.0    MM
2023 09 01 03 00  60  4.0  5.0   0.8    11    MM  32 1015.0  29.2  29.9    MM   MM +1.4    MM
2023 09 01 02 00  90  5.0  6.0   0.7    10    MM  33 1014.8  29.3  29.9    MM   MM   MM    MM
2023 09 01 01 00  90  5.0  7.0   0.7    10    MM  57 1014.1  29.4  29.9    MM   MM +0.7    MM
2023 09 01 00 00  90  5.0  7.0   0.7    11    MM  38 1013.6  29.6  29.9    MM   MM +0.0    MM
2023 08 31 22 00 100  6.0  7.0   0.9    11    MM  47 1013.4  29.7  30.0    MM   MM +0.0    MM
2023 08 31 21 00 100  5.0  7.0   0.9    11    MM  49 1013.4  29.7  30.0    MM   MM -0.5    MM
2023 08 31 20 00 100  6.0  7.0   0.8    11    MM  65 1013.2  29.6  30.1    MM   MM   MM    MM
2023 08 31 19 00 100  6.0  7.0   0.9    11    MM  58 1013.2  29.7  30.0    MM   MM   MM    MM
2023 08 31 18 00 100  6.0  7.0   0.9    11    MM  55 1013.9  29.6  30.1    MM   MM   MM    MM
2023 08 31 14 00 100  5.0  7.0   0.7    11    MM  30 1015.0  29.6  29.9    MM   MM +1.1    MM
2023 08 31 11 00 110  5.0  6.0   0.7    11    MM  31 1013.9  29.7  29.8    MM   MM   MM    MM
2023 08 31 07 00 110  6.0  7.0   0.7    11    MM  67 1013.4  29.5  29.8    MM   MM -1.4    MM
2023 08 31 06 00  90  5.0  7.0   0.7    11    MM  74 1013.9  29.4  29.7    MM   MM -1.1    MM
2023 08 31 04 00  90  6.0  7.0   0.7    11    MM  78 1014.8  29.5  29.8    MM   MM +0.3    MM
2023 08 31 03 00  90  6.0  7.0   0.7    11    MM  76 1015.0  29.6  29.8    MM   MM +1.3    MM
2023 08 31 02 00  90  6.0  7.0   0.7     6    MM  88 1014.8  29.7  29.8    MM   MM +1.4    MM
2023 08 31 01 00 100  6.0  7.0   0.7    11    MM  82 1014.5  29.7    MM    MM   MM +1.3    MM
2023 08 31 00 00 100  6.0  8.0   0.7     3    MM  84 1013.7  29.6    MM    MM   MM +0.5    MM
2023 08 30 22 00 110  6.0  7.0   0.7     6    MM  84 1013.2  29.7  29.9    MM   MM -0.6    MM
2023 08 30 21 00 110  6.0  8.0   0.7     3    MM  92 1013.2  29.9  30.0    MM   MM -1.1    MM
2023 08 30 20 00 110  6.0  7.0   0.7     5    MM  92 1013.5  29.9  30.0    MM   MM -1.4    MM
2023 08 30 19 00 100  7.0  8.0   0.8     5    MM  96 1013.8  29.8  29.9    MM   MM -1.9    MM
2023 08 30 18 00 110  6.0  8.0   0.7     4    MM  95 1014.3  29.9  29.9    MM   MM -1.9    MM
2023 08 30 17 00 100  6.0  7.0   0.7     5    MM  95 1014.9  29.9  29.9    MM   MM -1.1    MM
2023 08 30 16 00 110  6.0  7.0   0.7     4    MM  91 1015.7  29.9  29.8    MM   MM   MM    MM
2023 08 30 15 00 110  6.0  7.0   0.6    10    MM  84 1016.2  29.8  29.7    MM   MM +1.3    MM
2023 08 30 14 00 110  6.0  7.0   0.6    10    MM  80 1016.0  29.9  29.7    MM   MM +1.8    MM
2023 08 30 12 00 150  4.0  4.0   0.6     9    MM  76 1014.9  28.8  29.7    MM   MM +1.3    MM
2023 08 30 11 00  90  5.0  5.0   0.5    10    MM  62 1014.2  29.4  29.7    MM   MM +1.1    MM
2023 08 30 09 00  60  4.0  4.0   0.5    10    MM  47 1013.6  29.1  29.7    MM   MM -0.3    MM
2023 08 30 08 00  60  4.0  4.0   0.6    11    MM  50 1013.1  29.0  29.7    MM   MM -1.2    MM
2023 08 30 07 00  70  4.0  5.0   0.5     8    MM  59 1013.1  29.0  29.6    MM   MM -2.2    MM
2023 08 30 06 00  70  4.0  5.0   0.5    11    MM  68 1013.9  29.1  29.7    MM   MM -1.7    MM
2023 08 30 05 00  90  5.0  6.0   0.5    11    MM  57 1014.3  29.3  29.7    MM   MM -1.7    MM
2023 08 30 04 00  90  5.0  6.0   0.5     8    MM  70 1015.3  29.5  29.7    MM   MM -0.3    MM
2023 08 30 03 00 100  5.0  6.0   0.6     9    MM  74 1015.6  29.4  29.7    MM   MM +0.5    MM
2023 08 30 02 00 110  6.0  7.0   0.6     9    MM  81 1016.0  29.5  29.7    MM   MM +1.4    MM
2023 08 30 01 00 100  5.0  7.0   0.6     8    MM  86 1015.6  29.6  29.7    MM   MM   MM    MM
2023 08 30 00 00 110  6.0  7.0   0.6     9    MM  90 1015.1  29.7  29.7    MM   MM +1.2    MM
2023 08 29 22 00  MM   MM   MM   0.6     9    MM  92     MM    MM    MM    MM   MM   MM    MM
2023 08 29 21 00 110  6.0  7.0   0.6     9    MM  87 1013.9  29.9  29.8    MM   MM -1.4    MM
2023 08 29 18 00 100  5.0  7.0   0.6     9    MM  83 1015.3  29.8  29.9    MM   MM   MM    MM
2023 08 29 17 00 100  5.0  7.0   0.6    10    MM  79 1015.9  29.8  29.9    MM   MM -0.4    MM
2023 08 29 16 00  MM   MM   MM   0.6     8    MM  76     MM    MM  29.8    MM   MM   MM    MM
2023 08 29 14 00 100  5.0  6.0   0.6     9    MM  72 1016.3  29.7  29.6    MM   MM +1.4    MM
2023 08 29 13 00 100  5.0  6.0   0.6     8    MM  61 1015.9  29.7  29.6    MM   MM +1.7    MM
2023 08 29 12 00 100  5.0  6.0   0.6     9    MM  56 1015.5  29.7  29.5    MM   MM +1.8    MM
2023 08 29 11 00 100  5.0  6.0   0.5     9    MM  54 1014.9  29.5  29.5    MM   MM +1.5    MM
2023 08 29 10 00 110  5.0  6.0   0.5    10    MM  49 1014.2  29.3  29.5    MM   MM +0.4    MM
2023 08 29 09 00 120  4.0  6.0   0.5     9    MM  50 1013.7  29.2  29.5    MM   MM   MM    MM
2023 08 29 08 00 130  4.0  5.0   0.5    10    MM  52 1013.4  29.2  29.5    MM   MM   MM    MM
2023 08 29 07 00 140  4.0  4.0   0.5    10    MM  40 1013.8  29.2  29.6    MM   MM -1.8    MM
2023 08 29 04 00 120  4.0  6.0   0.5     8    MM  77 1015.6  29.5  29.7    MM   MM +0.7    MM
2023 08 29 03 00 120  6.0  7.0   0.6     9    MM  77 1015.5  29.6  29.7    MM   MM +1.0    MM
2023 08 29 02 00 110  6.0  7.0   0.5     9    MM  76 1015.3  29.6  29.8    MM   MM +1.4    MM
2023 08 29 01 00 110  5.0  6.0   0.5     9    MM  66 1014.9  29.7  29.8    MM   MM +1.7    MM
2023 08 29 00 00 110  4.0  5.0   0.5     9    MM  46 1014.5  29.7  29.9    MM   MM +1.8    MM
2023 08 28 23 00 100  4.0  5.0   0.5     9    MM  50 1013.9  29.8  30.0    MM   MM +1.2    MM
2023 08 28 22 00 110  4.0  4.0   0.5     8    MM  44 1013.2  30.0  30.1    MM   MM -0.0    MM
2023 08 28 21 00 120  4.0  4.0   0.5     9    MM  55 1012.7  30.3  30.2    MM   MM   MM    MM
2023 08 28 20 00 160  4.0  4.0   0.5     9    MM  64 1012.7  30.6  30.2    MM   MM -1.4    MM
2023 08 28 19 00 150  3.0  4.0   0.5     9    MM  77 1013.0  30.6  30.1    MM   MM -1.4    MM
2023 08 28 17 00 150  4.0  5.0   0.6     9    MM  58 1014.1  30.4  29.9    MM   MM +0.0    MM
2023 08 28 16 00 130  5.0  6.0   0.5     9    MM  82 1014.4  30.0  29.7    MM   MM   MM    MM
2023 08 28 15 00 140  6.0  7.0   0.5     8    MM  85 1014.3  29.9  29.7    MM   MM +1.1    MM
2023 08 28 14 00 130  6.0  8.0   0.5     9    MM  90 1014.1  29.8  29.6    MM   MM +1.7    MM
2023 08 28 12 00 160  4.0  5.0   0.5     9    MM  59 1013.2  29.6  29.5    MM   MM   MM    MM
2023 08 28 11 00 160  5.0  6.0   0.5    10    MM  67 1012.4  29.3  29.5    MM   MM +1.3    MM
2023 08 28 10 00 140  6.0  7.0   0.5     9    MM  56 1011.8  29.2  29.5    MM   MM +0.3    MM
2023 08 28 08 00 150  4.0  5.0   0.5     8    MM  36 1011.1  29.0    MM    MM   MM -1.2    MM
2023 08 28 07 00 150  4.0  5.0   0.5     8    MM  34 1011.5  28.9  29.5    MM   MM   MM    MM
2023 08 28 06 00 160  4.0  6.0   0.5     8    MM  43 1011.9  29.0  29.6    MM   MM -1.0    MM
2023 08 28 05 00 160  5.0  6.0   0.5     8    MM  45 1012.3  29.2    MM    MM   MM -0.8    MM
2023 08 28 03 00 150  6.0  6.0   0.5     8    MM  44 1012.9  29.4    MM    MM   MM +1.8    MM
2023 08 28 02 00 160  5.0  6.0   0.5     9    MM  45 1013.1  29.5    MM    MM   MM +2.5    MM
2023 08 28 01 00 160  5.0  5.0   0.6     8    MM  46 1012.2  29.5  29.6    MM   MM   MM    MM
2023 08 28 00 00 150  5.0  6.0   0.6     9    MM  46 1011.1  29.4  29.6    MM   MM +1.6    MM
2023 08 27 21 00 160  7.0  8.0   0.6     9    MM  84 1009.5  30.0  29.8    MM   MM   MM    MM
2023 08 27 20 00 170  6.0  7.0   0.5    10    MM 117 1009.4  30.1  29.8    MM   MM -1.5    MM
2023 08 27 17 00 180  7.0  8.0   0.6     9    MM 171 1010.9  29.9  29.6    MM   MM -0.5    MM
2023 08 27 16 00 180  6.0  7.0   0.6     8    MM 145 1011.8  30.0  29.6    MM   MM +1.1    MM
2023 08 27 15 00 180  6.0  8.0   0.5     8    MM 135 1011.7  29.8  29.4    MM   MM +1.8    MM
2023 08 27 14 00 170  6.0  7.0   0.6     8    MM 140 1011.4  29.6  29.4    MM   MM +2.1    MM
2023 08 27 13 00 180  6.0  7.0   0.5     9    MM 128 1010.7  29.6  29.4    MM   MM +2.5    MM
2023 08 27 12 00 170  5.0  6.0   0.4     9    MM  98 1009.9  29.5  29.4    MM   MM +1.5    MM
2023 08 27 11 00 180  5.0  6.0   0.4     8    MM 256 1009.3  29.1  29.4    MM   MM +1.5    MM
2023 08 27 10 00 160  6.0  7.0   0.5     9    MM 259 1008.2  28.9    MM    MM   MM +0.9    MM
2023 08 27 09 00 180  5.0  6.0   0.5     9    MM 260 1008.4  29.0  29.4    MM   MM +0.9    MM
2023 08 27 08 00 180  6.0  7.0   0.5     9    MM 259 1007.8  29.0  29.4    MM   MM   MM    MM
2023 08 27 07 00 190  6.0  8.0   0.5     8    MM 262 1007.3  29.0  29.3    MM   MM   MM    MM
2023 08 27 06 00 190  6.0  8.0   0.5     9    MM 290 1007.5  28.9    MM    MM   MM   MM    MM
2023 08 27 02 00 220  5.0  6.0   0.5    10    MM 331 1009.3  28.4  29.4    MM   MM +0.9    MM
2023 08 27 01 00 210  4.0  6.0   0.4    10    MM 319 1008.5  28.0  29.4    MM   MM +0.4    MM
2023 08 27 00 00 190  4.0  5.0   0.5     9    MM 324 1007.6  27.5  29.3    MM   MM +0.0    MM
2023 08 26 23 00 260  5.0  6.0   0.5    10    MM 293 1008.4  27.6  29.3    MM   MM +1.2    MM
2023 08 26 22 00 250  4.0  6.0   0.5    10    MM 344 1008.1  28.8  29.3    MM   MM   MM    MM
2023 08 26 21 00 260  5.0  6.0   0.5     9    MM 338 1007.8  28.3  29.4    MM   MM +0.3    MM
2023 08 26 20 00 230  6.0  8.0   0.6    10    MM 270 1007.2  29.2  29.4    MM   MM -1.2    MM
2023 08 26 18 00 210  5.0  6.0   0.5    10    MM 248 1007.5  28.4  29.4    MM   MM -1.8    MM
2023 08 26 17 00 210  8.0 11.0   0.5    10    MM 263 1008.4  28.0  29.3    MM   MM   MM    MM
2023 08 26 16 00 210  4.0  6.0   0.5     9    MM 354 1009.2  28.6  29.3    MM   MM +0.0    MM
2023 08 26 15 00 220  5.0  6.0   0.5     8    MM 252 1009.3  28.3  29.4    MM   MM +1.1    MM
2023 08 26 14 00  MM   MM   MM   0.6    10    MM 355     MM    MM    MM    MM   MM   MM    MM
2023 08 26 13 00 210  6.0  7.0   0.6     4    MM 237 1009.1  27.6    MM    MM   MM +1.3    MM
2023 08 26 12 00 220  8.0  9.0   0.6     4    MM 233 1008.2  27.3    MM    MM   MM +0.3    MM
2023 08 26 11 00 220  9.0 11.0   0.7     4    MM 227 1007.8  27.5  29.2    MM   MM +0.0    MM
2023 08 26 10 00 230  9.0 11.0   0.5    11    MM 145 1007.8  27.3  29.2    MM   MM +0.3    MM
2023 08 26 09 00 170  5.0  6.0   0.4     9    MM  75 1007.9  28.3  29.1    MM   MM -0.5    MM
2023 08 26 08 00 170  5.0  6.0   0.4    10    MM  89 1007.8  28.5  29.2    MM   MM   MM    MM
2023 08 26 07 00 160  5.0  7.0   0.4     9    MM  86 1007.5  28.4  29.2    MM   MM   MM    MM
2023 08 26 06 00 160  5.0  7.0   0.4    10    MM  83 1008.4  28.1    MM    MM   MM   MM    MM
2023 08 26 00 00  MM   MM   MM   0.4     8    MM  55     MM    MM  29.4    MM   MM   MM    MM
2023 08 25 22 00 180  5.0  6.0   0.4    11    MM  35 1009.0  29.0  29.4    MM   MM +0.0    MM
2023 08 25 21 00 190  6.0  6.0   0.4    10    MM 195 1008.9  29.1  29.3    MM   MM   MM    MM
2023 08 25 20 00 190  5.0  6.0   0.4    10    MM 192 1009.1  29.1  29.4    MM   MM -0.8    MM
2023 08 25 19 00 190  6.0  7.0   0.4     8    MM  79 1009.1  29.1  29.4    MM   MM -1.5    MM
2023 08 25 17 00 190  5.0  7.0   0.4    12    MM  62 1009.9  29.1  29.4    MM   MM +0.0    MM
2023 08 25 16 00 190  5.0  6.0   0.5    10    MM 123 1010.6  29.2    MM    MM   MM +0.3    MM
2023 08 25 15 00 190  6.0  7.0   0.5     9    MM 164 1010.5  29.1  29.3    MM   MM   MM    MM
2023 08 25 14 00 190  7.0  8.0   0.5     9    MM 128 1010.1  29.1  29.3    MM   MM +0.0    MM
2023 08 25 13 00 180  6.0  7.0   0.4     8    MM  94 1010.3  29.0    MM    MM   MM +0.9    MM
2023 08 25 11 00 170  4.0  5.0   0.4     8    MM  81 1010.2  28.7  29.3    MM   MM +1.2    MM
2023 08 25 10 00 180  5.0  7.0   0.4     9    MM 102 1009.4  28.7  29.3    MM   MM +0.3    MM
2023 08 25 09 00 170  5.0  6.0   0.4     9    MM  78 1009.1  28.7  29.4    MM   MM -0.3    MM
2023 08 25 08 00 180  4.0  6.0   0.4    11    MM  63 1009.0  28.6  29.4    MM   MM   MM    MM
2023 08 25 07 00 170  5.0  6.0   0.4    10    MM  61 1009.1  28.7  29.3    MM   MM -1.6    MM
2023 08 25 06 00 170  5.0  6.0   0.4     9    MM  64 1009.4  28.8  29.4    MM   MM -1.7    MM
2023 08 25 04 00 170  5.0  6.0   0.4    11    MM  62 1010.7  28.8  29.6    MM   MM +0.0    MM
2023 08 25 03 00 170  5.0  5.0   0.4    10    MM  67 1011.1  28.9  29.7    MM   MM +0.4    MM
2023 08 25 02 00 160  3.0  4.0   0.4    10    MM  71 1011.6  28.9  29.7    MM   MM +1.0    MM
2023 08 25 01 00 160  5.0  6.0   0.4     9    MM  74 1010.6  29.0  29.8    MM   MM +0.3    MM
2023 08 25 00 00 160  5.0  6.0   0.4    10    MM  75 1010.7  29.1  29.9    MM   MM +0.7    MM
2023 08 24 23 00 160  4.0  6.0   0.4    10    MM  77 1010.6  29.4  29.9    MM   MM +0.4    MM
2023 08 24 22 00 170  3.0  4.0   0.4    10    MM  71 1010.3  29.8  30.0    MM   MM -0.0    MM
2023 08 24 21 00 180  4.0  5.0   0.3    11    MM  70 1010.0  29.9  30.1    MM   MM -0.6    MM
2023 08 24 20 00 180  4.0  4.0   0.4    10    MM  69 1010.2  30.2  30.2    MM   MM -0.8    MM
2023 08 24 19 00 170  3.0  4.0   0.4    10    MM  74 1010.5  30.2  30.0    MM   MM   MM    MM
2023 08 24 18 00 180  4.0  5.0   0.4    11    MM  65 1010.6  30.0  30.2    MM   MM -1.2    MM
2023 08 24 17 00 180  3.0  4.0   0.3     7    MM  67 1011.0  30.0  30.4    MM   MM -0.7    MM
2023 08 24 15 00 170  3.0  3.0   0.4    12    MM  62 1011.8  29.8  29.9    MM   MM +1.5    MM
2023 08 24 14 00 170  2.0  3.0   0.3    11    MM  63 1011.7  29.5  29.5    MM   MM +1.7    MM
2023 08 24 13 00 160  3.0  4.0   0.3    12    MM  73 1010.9  29.0  29.4    MM   MM   MM    MM
2023 08 24 12 00 170  3.0  4.0   0.4    12    MM  75 1010.3  28.9  29.3    MM   MM +0.8    MM
2023 08 24 11 00 160  4.0  5.0   0.4    12    MM  81 1010.0  28.7  29.3    MM   MM +0.4    MM
2023 08 24 09 00 160  4.0  5.0   0.4     7    MM  89 1009.5  28.5  29.4    MM   MM -0.6    MM
2023 08 24 08 00 160  4.0  5.0   0.4     6    MM  68 1009.6  28.5  29.4    MM   MM -0.9    MM
2023 08 24 06 00 160  4.0  5.0   0.4     7    MM  62 1010.1  28.6  29.4    MM   MM -1.5    MM
2023 08 24 05 00 160  3.0  4.0   0.4     6    MM  64 1010.5  28.7  29.4    MM   MM -1.3    MM
2023 08 24 04 00 140  3.0  4.0   0.4     6    MM  65 1010.9  28.8  29.4    MM   MM -0.5    MM
2023 08 24 03 00 150  3.0  3.0   0.4     6    MM  68 1011.6  28.9  29.4    MM   MM +0.6    MM
2023 08 24 02 00 160  3.0  4.0   0.4     7    MM  65 1011.8  29.0  29.5    MM   MM +1.0    MM
2023 08 24 01 00 160  3.0  3.0   0.4     7    MM  66 1011.4  29.1  29.5    MM   MM   MM    MM
2023 08 24 00 00 190  2.0  2.0   0.4     7    MM  66 1011.0  29.2  29.6    MM   MM   MM    MM
2023 08 23 20 00 170  3.0  4.0   0.4     7    MM  66 1009.5  29.9  29.7    MM   MM -0.6    MM
2023 08 23 19 00 120  3.0  4.0   0.4     7    MM  72 1009.3  29.9  29.7    MM   MM -1.3    MM
2023 08 23 18 00 110  4.0  5.0   0.5     7    MM  75 1009.7  29.5  29.6    MM   MM -1.5    MM
2023 08 23 17 00 110  5.0  6.0   0.5     4    MM  76 1010.1  29.4  29.6    MM   MM -1.3    MM
2023 08 23 16 00 120  5.0  6.0   0.6     8    MM  72 1010.6  29.5  29.6    MM   MM -0.5    MM
2023 08 23 15 00 120  5.0  6.0   0.6     4    MM  75 1011.2  29.5  29.5    MM   MM +0.5    MM
2023 08 23 14 00 120  5.0  6.0   0.6     4    MM  79 1011.4  29.4  29.4    MM   MM +1.5    MM
2023 08 23 13 00 120  5.0  6.0   0.6     4    MM  71 1011.1  29.4  29.3    MM   MM +2.0    MM
2023 08 23 12 00 120  4.0  5.0   0.6     3    MM  83 1010.7  29.3  29.3    MM   MM +2.4    MM
2023 08 23 11 00 120  5.0  6.0   0.6     4    MM  83 1009.9  29.0  29.3    MM   MM +2.0    MM
2023 08 23 10 00 110  5.0  6.0   0.7     4    MM  89 1009.1  29.0  29.3    MM   MM +1.2    MM
2023 08 23 09 00 100  7.0  8.0   0.7     4    MM  92 1008.3  28.9  29.3    MM   MM -0.0    MM
2023 08 23 08 00 100  7.0  8.0   0.6     4    MM  86 1007.9  28.9  29.3    MM   MM -1.1    MM
2023 08 23 07 00  80  5.0  6.0   0.6     4    MM  80 1007.9  28.5    MM    MM   MM -1.7    MM
2023 08 23 06 00  70  5.0  6.0   0.6     9    MM  78 1008.1  28.4  29.4    MM   MM -1.8    MM
2023 08 23 05 00  90  5.0  7.0   0.5     5    MM  74 1009.0  28.6  29.3    MM   MM -1.0    MM
2023 08 23 04 00 100  5.0  6.0   0.5     5    MM  69 1009.6  28.5  29.2    MM   MM -0.3    MM
2023 08 23 03 00  90  5.0  6.0   0.5     5    MM  72 1009.9  28.5  29.4    MM   MM +0.0    MM
2023 08 23 02 00  70  5.0  6.0   0.5     9    MM  68 1010.0  28.4  29.3    MM   MM   MM    MM
2023 08 23 01 00  70  6.0  6.0   0.6     5    MM  71 1009.9  28.5  29.4    MM   MM +0.8    MM
2023 08 23 00 00  60  5.0  6.0   0.6     4    MM  67 1009.7  28.6  29.4    MM   MM +0.9    MM
2023 08 22 22 00  50  6.0  8.0   0.6     4    MM  70 1009.1  28.2  29.3    MM   MM   MM    MM
2023 08 22 21 00  50  6.0  7.0   0.6     5    MM  75 1008.8  27.9  29.4    MM   MM +0.0    MM
2023 08 22 20 00  40  6.0  7.0   0.6     5    MM  68 1008.7  27.5  29.4    MM   MM -1.0    MM
2023 08 22 18 00  50  6.0  7.0   0.5     6    MM  64 1009.0  27.6  29.3    MM   MM -1.6    MM
2023 08 22 17 00 350  5.0  6.0   0.6     6    MM  51 1009.7  26.5  29.3    MM   MM   MM    MM
2023 08 22 16 00 360  3.0  4.0   0.6     5    MM  63 1010.3  26.0    MM    MM   MM +0.4    MM
2023 08 22 15 00 290  3.0  4.0   0.6     6    MM  66 1010.6  25.4  29.2    MM   MM +0.4    MM
2023 08 22 13 00  40  5.0  6.0   0.6     5    MM  66 1009.9  25.7  29.4    MM   MM +1.5    MM
2023 08 22 12 00 110  8.0 12.0   0.7     6    MM  80 1010.2  24.7  29.4    MM   MM   MM    MM
2023 08 22 11 00 110  5.0  7.0   0.6     6    MM  70 1009.1  28.0  29.4    MM   MM +1.8    MM
2023 08 22 10 00  50  4.0  5.0   0.6     5    MM  69 1008.4  27.9  29.4    MM   MM +0.9    MM
2023 08 22 08 00  80  5.0  7.0   0.7     9    MM  80 1007.3  28.5  29.5    MM   MM -1.2    MM
2023 08 22 07 00 100  7.0  9.0   0.6     5    MM  73 1007.5  29.0  29.5    MM   MM -1.6    MM
2023 08 22 06 00  90  5.0  6.0   0.6     5    MM  81 1008.1  28.5  29.5    MM   MM -2.1    MM
2023 08 22 05 00  90  5.0  6.0   0.7     4    MM  86 1008.5  28.3  29.5    MM   MM -2.4    MM
2023 08 22 04 00 100  6.0  8.0   0.9     4    MM  89 1009.1  28.0  29.5    MM   MM -1.2    MM
2023 08 22 03 00 100  8.0  9.0   0.8     4    MM  88 1010.2  27.8  29.5    MM   MM +0.6    MM
2023 08 22 02 00  40  6.0  8.0   0.7     6    MM  81 1010.9  26.3  29.5    MM   MM +1.8    MM
2023 08 22 01 00  90  5.0  6.0   0.7     5    MM  71 1010.3  29.0  29.6    MM   MM +1.8    MM
2023 08 22 00 00 100  6.0  7.0   0.7     4    MM  77 1009.6  29.0  29.6    MM   MM +0.8    MM
2023 08 21 23 00  90  5.0  5.0   0.8     6    MM  80 1009.1  28.6  29.6    MM   MM -0.0    MM
2023 08 21 22 00 110  5.0  6.0   0.8     6    MM  81 1008.5  28.5  29.6    MM   MM -0.6    MM
2023 08 21 21 00  90  4.0  5.0   0.8     6    MM  86 1008.8  28.5  29.6    MM   MM -0.8    MM
2023 08 21 20 00  80  6.0  8.0   0.9     6    MM  87 1009.1  28.1  29.6    MM   MM -0.6    MM
2023 08 21 19 00 100  8.0  9.0   0.9     5    MM  87 1009.1  28.1  29.6    MM   MM -1.2    MM
2023 08 21 18 00 110  7.0  8.0   0.9     6    MM  85 1009.6  28.2  29.6    MM   MM -0.9    MM
2023 08 21 17 00 110  6.0  7.0   1.1     5    MM  86 1009.7  28.3  29.6    MM   MM   MM    MM
2023 08 21 16 00 100  8.0 10.0   1.1     5    MM  87 1010.3  28.2  29.6    MM   MM +0.5    MM
2023 08 21 15 00 110  9.0 12.0   1.2     5    MM  91 1010.5  28.0  29.6    MM   MM +0.7    MM
2023 08 21 13 00  90  9.0 11.0   0.9     7    MM  79 1009.8  29.1  29.6    MM   MM +1.1    MM
2023 08 21 12 00  80  7.0  9.0   0.9     6    MM  79 1009.8  28.7  29.6    MM   MM +1.0    MM
2023 08 21 10 00  60  5.0  7.0   0.8     7    MM  79 1008.7  28.1  29.7    MM   MM +0.0    MM
2023 08 21 09 00 100  3.0  4.0   0.9     7    MM  82 1008.8  27.6  29.7    MM   MM   MM    MM
2023 08 21 07 00 160  6.0  7.0   1.1     7    MM  95 1008.8  27.6  29.7    MM   MM   MM    MM
2023 08 21 05 00 110  9.0 10.0   1.3     6    MM  94 1009.6  28.8    MM    MM   MM -1.2    MM
2023 08 21 02 00  90  9.0 11.0   1.5     6    MM  97 1010.8  28.8  29.7    MM   MM +1.0    MM
2023 08 21 01 00  90 10.0 13.0   1.3     5    MM  93 1010.8  28.7    MM    MM   MM +1.5    MM
2023 08 20 22 00  90  8.0 11.0   1.5     5    MM  91 1009.3  27.7  29.7    MM   MM   MM    MM
2023 08 20 20 00  80  8.0 11.0   1.2     6    MM  83 1008.9  27.9  29.8    MM   MM   MM    MM
2023 08 20 18 00  70  9.0 11.0   1.5     7    MM  79 1009.1  29.0  29.8    MM   MM -1.4    MM
2023 08 20 16 00  80  7.0 10.0   1.5     7    MM  76 1010.3  29.9  29.7    MM   MM +0.0    MM
2023 08 20 15 00  70  8.0 10.0   1.4     7    MM  67 1010.5  29.7  29.7    MM   MM +0.6    MM
2023 08 20 13 00  60  8.0 11.0   1.4     7    MM  67 1010.5  29.5  29.7    MM   MM   MM    MM
2023 08 20 12 00  60  9.0 11.0   1.4     7    MM  68 1009.9  29.7  29.7    MM   MM +1.0    MM
2023 08 20 11 00  60  8.0 10.0   1.3     7    MM  73 1009.7  29.5  29.7    MM   MM   MM    MM
2023 08 20 09 00  70  7.0  9.0   1.1     7    MM  70 1008.9  29.5    MM    MM   MM   MM    MM
2023 08 20 07 00  70  8.0  9.0   1.2     5    MM  71 1009.3  29.4  29.8    MM   MM   MM    MM
2023 08 20 05 00  MM   MM   MM   1.3     6    MM  64     MM    MM    MM    MM   MM   MM    MM
2023 08 20 03 00  70  8.0  9.0   1.3     7    MM  61 1011.2  29.6  29.8    MM   MM   MM    MM
2023 08 20 02 00  60  9.0 11.0   1.2     6    MM  58 1011.1  29.6    MM    MM   MM   MM    MM
2023 08 20 01 00  60  8.0 10.0   1.3     6    MM  63 1010.9  29.7    MM    MM   MM   MM    MM
2023 08 19 21 00  50  9.0 11.0   1.1     6    MM  MM 1009.7  29.7    MM    MM   MM -0.6    MM
2023 08 19 20 00  50  8.0 10.0   1.2     5    MM  66 1009.9  29.8  29.9    MM   MM -1.5    MM
2023 08 19 18 00  50  9.0 11.0   1.2     7    MM  63 1010.3  29.8    MM    MM   MM   MM    MM
2023 08 19 17 00  50  8.0 10.0   1.1     7    MM  58 1011.4  29.8    MM    MM   MM +0.0    MM
2023 08 19 16 00  MM   MM   MM   1.2     6    MM  52     MM    MM  29.9    MM   MM   MM    MM
2023 08 19 14 00  60  8.0 10.0   1.2     6    MM  53 1011.6  29.6  29.8    MM   MM +0.6    MM
2023 08 19 13 00  MM   MM   MM   1.2     7    MM  63     MM    MM    MM    MM   MM   MM    MM
2023 08 19 12 00  60  8.0 10.0   1.2     7    MM  55 1011.4  29.6  29.8    MM   MM +0.9    MM
2023 08 19 11 00  60  8.0  9.0   1.1     6    MM  61 1011.0  29.4  29.8    MM   MM +0.5    MM
2023 08 19 10 00  70  8.0  9.0   1.0     6    MM  59 1010.5  29.3  29.8    MM   MM   MM    MM
2023 08 19 09 00  70  8.0 11.0   1.1     6    MM  66 1010.5  29.4  29.8    MM   MM -0.5    MM
2023 08 19 08 00  60  7.0  9.0   1.1     6    MM  65 1010.5  29.2  29.8    MM   MM -1.0    MM
2023 08 19 06 00  70  7.0  8.0   1.1     6    MM  62 1011.0  29.4  29.9    MM   MM -1.3    MM
2023 08 19 05 00  70  8.0  9.0   1.2     6    MM  59 1011.5  29.5    MM    MM   MM -0.4    MM
2023 08 19 04 00  MM   MM   MM   1.2     7    MM  22     MM    MM    MM    MM   MM   MM    MM
2023 08 19 03 00  60  8.0 11.0   1.1     7    MM  63 1012.3  29.6    MM    MM   MM +1.2    MM
2023 08 19 02 00  70  8.0  9.0   1.1     6    MM  66 1011.9  29.7  29.9    MM   MM +1.1    MM
2023 08 19 01 00  70  9.0 11.0   1.3     6    MM  62 1011.3  29.8  29.9    MM   MM   MM    MM
2023 08 19 00 00  60  8.0 11.0   1.2     6    MM  64 1011.1  29.7  29.9    MM   MM +0.8    MM
2023 08 18 23 00  60  9.0 10.0   1.3     6    MM  63 1010.8  29.8  29.9    MM   MM +0.8    MM
2023 08 18 21 00  60  8.0 11.0   1.3     7    MM  70 1010.3  30.0    MM    MM   MM -0.9    MM
2023 08 18 20 00  60  8.0 10.0   1.3     6    MM  75 1010.0  30.0    MM    MM   MM   MM    MM
2023 08 18 19 00  60  8.0 10.0   1.3     6    MM  75 1010.5  30.0  29.9    MM   MM   MM    MM
2023 08 18 18 00  70  7.0 10.0   1.3     6    MM  76 1011.2  29.9  29.9    MM   MM -0.9    MM
2023 08 18 16 00  MM   MM   MM   1.2     6    MM 348     MM    MM    MM    MM   MM   MM    MM
2023 08 18 15 00  90  8.0  9.0   1.3     6    MM  63 1012.1  29.8  29.9    MM   MM   MM    MM
2023 08 18 14 00  70  6.0  8.0   1.2     6    MM  68 1012.6  29.7  29.8    MM   MM +0.5    MM
2023 08 18 13 00  70  8.0  9.0   1.3     7    MM  64 1012.7  29.7    MM    MM   MM +1.0    MM
2023 08 18 11 00  70  8.0  9.0   1.3     6    MM  80 1012.1  29.5  29.8    MM   MM   MM    MM
2023 08 18 10 00  80  8.0  9.0   1.3     6    MM  71 1011.7  29.4  29.8    MM   MM +0.0    MM
2023 08 18 07 00  70  9.0 11.0   1.2     5    MM  70 1011.7  29.4  29.8    MM   MM   MM    MM
2023 08 18 02 00  70  6.0  8.0   1.1     7    MM  67 1014.1  29.6    MM    MM   MM   MM    MM
2023 08 18 01 00  70  7.0  9.0   1.1     6    MM  64 1013.5  29.6  29.9    MM   MM   MM    MM
2023 08 18 00 00  70  7.0  8.0   1.1     6    MM  65 1012.9  29.5  29.9    MM   MM   MM    MM
2023 08 17 23 00  MM   MM   MM   1.1     6    MM  73     MM    MM  29.9    MM   MM   MM    MM
2023 08 17 20 00 100  8.0  9.0   1.1     6    MM  82 1012.3  29.9  30.0    MM   MM   MM    MM
2023 08 17 18 00  70  6.0  8.0   1.1     6    MM  85 1013.3  29.9  30.0    MM   MM   MM    MM
2023 08 17 14 00  90  7.0  9.0   1.0     6    MM  80 1014.2  29.9    MM    MM   MM +0.9    MM
2023 08 17 13 00  90  7.0  8.0   1.0     6    MM  77 1013.8  29.7  29.8    MM   MM +1.1    MM
2023 08 17 12 00  90  7.0  9.0   1.0     5    MM  70 1013.4  29.7  29.8    MM   MM   MM    MM
2023 08 17 11 00  90  7.0  9.0   1.0     4    MM  78 1013.3  29.7  29.8    MM   MM +1.3    MM
2023 08 17 10 00  80  6.0  8.0   1.0     7    MM  72 1012.7  29.4  29.8    MM   MM +0.6    MM
2023 08 17 08 00 100  6.0  7.0   1.0     5    MM  81 1012.0  28.4  29.8    MM   MM -0.9    MM
2023 08 17 07 00  70  5.0  6.0   1.1     6    MM  73 1012.1  29.0  29.8    MM   MM   MM    MM
2023 08 17 05 00  70  6.0  7.0   1.1     5    MM  77 1012.9  29.1  29.8    MM   MM -0.7    MM
2023 08 17 03 00  80  6.0  9.0   1.0     6    MM  65 1013.6  29.3  29.9    MM   MM +0.5    MM
2023 08 17 02 00  70  7.0  8.0   1.1     5    MM  66 1013.6  28.8  29.9    MM   MM +0.7    MM
2023 08 17 01 00  60  7.0  9.0   1.0     6    MM  64 1013.8  29.1  29.9    MM   MM   MM    MM
2023 08 17 00 00  60  8.0 10.0   0.9     6    MM  67 1013.1  28.7  29.9    MM   MM +0.5    MM
2023 08 16 23 00 100  5.0  7.0   1.0     5    MM  72 1012.9  28.2  29.9    MM   MM +0.0    MM
2023 08 16 21 00  80  4.0  5.0   1.0     6    MM  76 1012.6  29.2  30.0    MM   MM -1.0    MM
2023 08 16 20 00  70  4.0  7.0   1.0     6    MM  78 1012.9  29.6  30.1    MM   MM -1.2    MM
2023 08 16 19 00  70  6.0  7.0   1.0     6    MM  77 1013.0  29.8  30.1    MM   MM -1.1    MM
2023 08 16 18 00  80  6.0  7.0   1.1     5    MM  75 1013.6  30.1  30.0    MM   MM -0.7    MM
2023 08 16 17 00  90  5.0  6.0   1.1     6    MM  69 1014.1  30.0  29.9    MM   MM +0.0    MM
2023 08 16 16 00 100  5.0  6.0   1.0     6    MM  62 1014.1  30.0  30.0    MM   MM   MM    MM
2023 08 16 15 00  70  6.0  7.0   1.0     5    MM  58 1014.3  29.9    MM    MM   MM +0.5    MM
2023 08 16 14 00  60  6.0  7.0   1.1     6    MM  56 1014.1  29.8  29.9    MM   MM   MM    MM
2023 08 16 12 00  60  7.0  9.0   1.0     6    MM  54 1013.8  29.6  29.8    MM   MM +1.0    MM
2023 08 16 09 00  50  7.0  9.0   1.1     6    MM  56 1012.8  29.2    MM    MM   MM +0.0    MM
2023 08 16 07 00  60  7.0  8.0   1.2     5    MM  60 1012.9  29.3  29.8    MM   MM -1.2    MM
2023 08 16 06 00  60  7.0  9.0   1.1     6    MM  61 1013.0  29.3  29.8    MM   MM   MM    MM
2023 08 16 05 00  70  7.0  9.0   1.0     6    MM  61 1013.3  29.4    MM    MM   MM -0.8    MM
2023 08 16 04 00  60  6.0  8.0   1.1     4    MM  58 1014.1  29.4    MM    MM   MM +0.3    MM
2023 08 16 02 00  60  8.0 10.0   1.1     6    MM  50 1014.1  29.6  29.8    MM   MM +1.1    MM
2023 08 16 01 00  50  9.0 11.0   1.1     5    MM  56 1013.8  29.7    MM    MM   MM   MM    MM
2023 08 15 23 00  40  7.0  9.0   1.1     6    MM  53 1013.0  29.7    MM    MM   MM +0.7    MM
2023 08 15 21 00  50  8.0  9.0   1.2     6    MM  62 1012.4  29.7    MM    MM   MM -0.3    MM
2023 08 15 20 00  50  7.0  9.0   1.2    13    MM  60 1012.3  29.9  29.9    MM   MM -1.0    MM
2023 08 15 19 00  60  8.0 10.0   1.2     6    MM  72 1012.4  30.0    MM    MM   MM   MM    MM
2023 08 15 18 00  60  8.0 10.0   1.2     6    MM  64 1012.7  30.0  29.9    MM   MM   MM    MM
2023 08 15 17 00  50  8.0 10.0   1.2     6    MM  64 1013.3  29.7  29.9    MM   MM   MM    MM
2023 08 15 16 00  60  8.0 11.0   1.2    13    MM  66 1013.8  29.8  29.9    MM   MM -1.0    MM
2023 08 15 13 00  70  6.0  8.0   1.3     6    MM  71 1014.8  30.0  29.8    MM   MM +1.3    MM
2023 08 15 12 00  80  6.0  7.0   1.2     6    MM  66 1014.5  29.9  29.7    MM   MM +1.3    MM
2023 08 15 11 00  80  6.0  8.0   1.2     6    MM  61 1014.1  29.5  29.7    MM   MM +1.1    MM
2023 08 15 10 00  60  7.0  8.0   1.2     6    MM  55 1013.5  28.9  29.7    MM   MM -0.0    MM
2023 08 15 09 00  60  8.0  9.0   1.1     7    MM  60 1013.2  29.5  29.8    MM   MM -0.8    MM
2023 08 15 08 00  50  8.0 10.0   1.2     6    MM  62 1013.0  29.4  29.8    MM   MM -1.5    MM
2023 08 15 07 00  60  6.0  7.0   1.1     6    MM  73 1013.6  29.4    MM    MM   MM -1.4    MM
2023 08 15 06 00  70  7.0  8.0   1.2     6    MM  77 1014.0  29.5  29.8    MM   MM   MM    MM
2023 08 15 05 00  70  6.0  7.0   1.2     6    MM  79 1014.5  29.5    MM    MM   MM -0.3    MM
2023 08 15 04 00  70  7.0  9.0   1.2     5    MM  72 1015.0  29.6    MM    MM   MM +0.7    MM
2023 08 15 02 00  60  9.0 11.0   1.2     6    MM  70 1014.8  29.7  29.9    MM   MM +1.5    MM
2023 08 15 01 00  60  8.0 10.0   1.3     7    MM  66 1014.3  29.7  29.9    MM   MM   MM    MM
2023 08 15 00 00  50  8.0 10.0   1.2     7    MM  66 1013.8  29.6  29.9    MM   MM +1.2    MM
2023 08 14 22 00  MM   MM   MM   1.2    MM    MM  MM     MM    MM    MM    MM   MM   MM    MM
2023 08 14 21 00  60 10.0 11.0   1.2     6    MM  69 1012.6  30.0  29.9    MM   MM -1.3    MM
2023 08 14 20 00  60  8.0 10.0   1.2     6    MM  76 1012.9  29.9  29.9    MM   MM -1.6    MM
2023 08 14 19 00  60  7.0  9.0   1.3     6    MM  84 1013.3  29.9  29.9    MM   MM   MM    MM
2023 08 14 18 00  80  7.0  8.0   1.2     5    MM  84 1013.9  30.0  29.9    MM   MM -1.8    MM
2023 08 14 17 00  90  8.0 10.0   1.2     5    MM  83 1014.5  29.9  29.9    MM   MM -1.5    MM
2023 08 14 15 00  70  4.0  5.0   1.0    13    MM  71 1015.7  29.5  29.9    MM   MM +0.3    MM
2023 08 14 14 00  90  4.0  5.0   1.0    12    MM  68 1016.0  28.1  29.8    MM   MM +1.1    MM
2023 08 14 13 00  70  9.0 12.0   1.0    13    MM  63 1015.9  28.9  29.8    MM   MM +1.3    MM
2023 08 14 12 00  70  5.0  6.0   0.9    13    MM  63 1015.4  29.3  29.8    MM   MM +1.2    MM
2023 08 14 11 00  80  5.0  6.0   1.0    13    MM  67 1014.9  29.2  29.8    MM   MM +1.0    MM
2023 08 14 10 00  70  5.0  7.0   0.9    12    MM  72 1014.6  29.1  29.8    MM   MM +0.4    MM
2023 08 14 09 00  70  6.0  7.0   1.0    13    MM  69 1014.2  29.0  29.8    MM   MM -0.5    MM
2023 08 14 08 00  70  6.0  7.0   0.9    13    MM  71 1013.9  29.1  29.8    MM   MM   MM    MM
2023 08 14 07 00  80  5.0  6.0   1.0     6    MM  81 1014.2  29.1    MM    MM   MM   MM    MM
2023 08 14 06 00  70  6.0  7.0   1.0    13    MM  83 1014.7  29.3  29.9    MM   MM   MM    MM
2023 08 14 03 00  MM   MM   MM   1.0    13    MM  72     MM    MM  29.9    MM   MM   MM    MM
2023 08 14 02 00  70  6.0  7.0   0.9    13    MM  73 1016.4  29.6  29.9    MM   MM +1.8    MM
2023 08 14 01 00  80  7.0  8.0   1.0    13    MM  74 1015.7  29.8  29.9    MM   MM   MM    MM
